3117.43       0       0       0       0       0       0       0       0       0       0       0       0
      0 285.251       0       0       0       0       0       0       0       0       0       0       0
      0       0 74.9279       0       0       0       0       0       0       0       0       0       0
      0       0       0 42.5441       0       0       0       0       0       0       0       0       0
      0       0       0       0 32.9559       0       0       0       0       0       0       0       0
      0       0       0       0       0 20.4887       0       0       0       0       0       0       0
      0       0       0       0       0       0 20.1638       0       0       0       0       0       0
      0       0       0       0       0       0       0 18.7703       0       0       0       0       0
      0       0       0       0       0       0       0       0  12.316       0       0       0       0
      0       0       0       0       0       0       0       0       0 10.0243       0       0       0
      0       0       0       0       0       0       0       0       0       0 9.35149       0       0
      0       0       0       0       0       0       0       0       0       0       0 7.15628       0
      0       0       0       0       0       0       0       0       0       0       0       0 5.94904
