484.059
10.0005
267.953
7.78281
11.3808
8.87145
 10.006
 265.24
216.941
 603.13
556.394
  882.7
 7.2076
370.891
 379.26
365.669
10.8797
320.786
482.574
198.294
155.117
76.9699
9.17141
      0
8.07376
409.456
6.67057
264.427
 9.4114
 155.39
390.121
10.5259
198.506
387.871
773.744
730.358
349.106
10.9162
522.377
 830.57
741.105
319.029
229.965
354.538
  288.5
427.576
410.592
546.574
244.437
223.941
 14.557
14.4027
66.5776
11.1177
47.7615
9.97636
11.9247
161.269
704.883
506.541
12.7338
 440.17
361.226
11.6617
11.3835
254.476
323.503
318.429
257.815
299.921
9.72676
689.757
 295.99
113.954
13.9993
311.437
11.3865
236.369
6.98606
509.026
