    0.155275    -0.118532    0.0772147   -0.0906857      0.18827   -0.0248417    0.0638958    -0.122911   0.00188887     0.052857    0.0227656    -0.103034   -0.0451103
  0.00320795  -0.00233758   0.00717833  -0.00119288  -0.00622835   -0.0305297  1.96703e-05    0.0305967 -0.000220982    0.0133305  -0.00984194   -0.0830225   -0.0557887
   0.0859533   -0.0865301    0.0130448    0.0549938    0.0392729   -0.0341849    -0.134111    -0.183434     0.040858    -0.134246    0.0730905    0.0812702    0.0745269
  0.00249655  6.35077e-05   -0.0133918  -0.00150201   -0.0382755   -0.0165905   -0.0466401   -0.0801401   -0.0879909   -0.0124379    0.0590356   -0.0348644   -0.0128136
  0.00365069 -0.000635835  0.000867864   -0.0130666    0.0122683    0.0172331    0.0336731   0.00407945   0.00297385    0.0428292   -0.0230051   -0.0148633   -0.0614415
  0.00284576  0.000696312  -0.00889687   -0.0012436   0.00410312   -0.0236221    0.0588313     0.006522    0.0223193    0.0749234   -0.0310882   -0.0853047    0.0333325
   0.0032097  -0.00133055  -0.00070103   -0.0187719   0.00544492  -0.00640329    0.0229625   -0.0508265  -0.00591628   -0.0753088    0.0588216     0.137133    0.0476243
   0.0850829   -0.0954112    0.0331544    0.0658413    0.0542754   -0.0646876    -0.195879     -0.18948  -0.00965843   -0.0402774    0.0911976    0.0183564    0.0451862
   0.0695896    0.0651072    0.0776279    0.0386083   -0.0318289    -0.105477     0.150502    -0.130661     0.135026   -0.0517455   -0.0395145    -0.106266    -0.122541
     0.19347    -0.143932   -0.0509938    -0.060176    -0.144303    0.0529511    -0.274641     0.097571   -0.0129473     0.139704    0.0812102    -0.122806    0.0296063
    0.178478  -0.00285264   -0.0191475   -0.0118473   -0.0393607   0.00940119     0.159931     -0.18758   -0.0565817      0.10086     0.161324    0.0262942    0.0222732
     0.28315    0.0880955   0.00313002     0.550041     0.411605    -0.223279   -0.0366037    0.0135431    0.0102849    0.0489985   -0.0310466    0.0135543   -0.0423879
  0.00231203   0.00074862   0.00075504  0.000310437  0.000163801  -0.00110907   0.00097502  0.000960828  8.52079e-05   0.00121551  0.000452239  -0.00197112  0.000148173
    0.118973    -0.128855     0.164468     -0.16867     0.113451    0.0765937     0.123308    -0.160645     0.126267     0.166258   -0.0600098     -0.14213   0.00495637
    0.121658    -0.156155    0.0103866    0.0347176    -0.065196     0.146557    -0.164071    0.0793973    0.0247174    0.0314997   -0.0942942    -0.164953    0.0445837
    0.117298   -0.0263412  -0.00939938     0.112225   -0.0345676   -0.0819308    -0.120962    0.0224418    0.0472199    -0.120152    -0.110058    -0.152747     0.193164
  0.00348996  -0.00664332   -0.0109572 -0.000250104    0.0343666   -0.0117344     0.021834    0.0360135    0.0348326    0.0208295    -0.039609  -0.00828872    0.0141425
    0.102901     0.153555    0.0847975     0.112278    -0.169025    -0.171555     0.107719   -0.0436744   -0.0707576     0.293703 -0.000528138    -0.143035   -0.0601387
    0.154799   -0.0744928    0.0839114   -0.0694169     0.164673  -0.00865721     0.106182    -0.194082     0.140686      0.10126   -0.0048509   -0.0172358   -0.0939627
   0.0636081    -0.125471     0.161355   -0.0287974    -0.144773    0.0521074    -0.271323    -0.233771      0.12897   -0.0308676   -0.0393757    0.0462401    0.0276805
   0.0497581   -0.0408584    0.0875015    0.0520033  -0.00496009   -0.0335118    0.0725668   -0.0255465   0.00697667     0.190175    0.0288179   -0.0587376    0.0564004
   0.0246902    -0.084718    0.0833013  -0.00144846     0.108658     0.082303     0.105628    0.0071885  -0.00685529     0.104339    -0.023431   -0.0417052   -0.0809475
  0.00294198  -0.00262647   0.00548606    -0.028558   -0.0208297   -0.0450436    0.0288904    0.0642969    -0.093912   -0.0198103     -0.03312   -0.0330612    0.0296116
          -0            0            0            0            0            0           -0           -0            0            0            0            0            0
  0.00258988   -0.0023135   -0.0130482  -0.00611083   0.00346527   -0.0143677   -0.0112379    0.0113721   -0.0231115    0.0141726   0.00748577   0.00915541     -0.03702
    0.131344   -0.0819044   -0.0346084     0.104919   -0.0514206   -0.0185577    -0.183345   -0.0629786   0.00146336      -0.1496     0.158124    0.0531171    0.0389812
  0.00213977  -0.00202429   0.00326666   0.00677075  -0.00597917   -0.0325399    0.0097003   0.00983712     0.036161    0.0328886    -0.036314   -0.0269678   -0.0183893
   0.0848222    -0.139171     0.186545     -0.10667   -0.0657787     0.115204   -0.0139138    -0.189458     0.252753   -0.0246275    -0.166168   -0.0577362   -0.0479284
  0.00301896   0.00120616    0.0186832    0.0223555    0.0261747   -0.0154408    0.0257373   -0.0550192   0.00891625   -0.0263134    0.0399282   0.00455916   -0.0339569
   0.0498456   -0.0705481    0.0889933  -0.00985585   -0.0538666   -0.0524488   -0.0881626    -0.165237   0.00867667    0.0737468  -0.00461947   -0.0405006     0.272868
    0.125142    -0.160788   -0.0238697   -0.0952073    0.0395643   -0.0591015    0.0522024     0.128459     0.181864    0.0181987    -0.087294    -0.135245    -0.104008
  0.00337646   0.00199231  -0.00111757   0.00378832    0.0158774   -0.0169048   0.00528716  -0.00726125   -0.0306289    0.0423589    0.0113721   0.00280656    -0.050967
   0.0636762    -0.200537     -0.10927    -0.078297    0.0149161   -0.0201442    -0.203139     0.188797    0.0188262    -0.132226   -0.0400247    0.0578199   -0.0617279
     0.12442   0.00117335    0.0673912    0.0870046     0.182194   -0.0835586     -0.10516    -0.065971     0.188939    -0.237698  -0.00459332    0.0490975   -0.0884309
      0.2482     0.143403    0.0639063     0.264161    0.0143892     0.269208    0.0948744     0.320052   -0.0862706   -0.0287205    0.0332249    0.0904473    0.0238447
    0.234282    -0.107308    -0.840632    0.0678036    -0.144205   -0.0336984    0.0990293    -0.277092   -0.0205498    0.0554845   -0.0236996   -0.0232341   -0.0142752
    0.111985     0.327647   -0.0460498    -0.177673   -0.0490642   -0.0596668     0.351552   -0.0498499    0.0900185    -0.206503  -0.00402551   -0.0562364  -0.00914548
  0.00350168   -0.0104813  -0.00647321   -0.0437065  -0.00133692   -0.0143901    0.0376932  8.02569e-05   0.00414182   -0.0503739     0.020957     0.050523   -0.0560296
    0.167567     0.717999   -0.0915578    -0.307327    0.0860163     0.165307    -0.404629    -0.122231    0.0780204      0.05025   -0.0829225   -0.0615474   -0.0844812
    0.266428   -0.0737059    0.0478097   -0.0751696    -0.382006     0.255729    0.0573335     0.255463   -0.0328924    -0.009515    0.0878466    0.0573354  -0.00572479
     0.23773    0.0228935     0.229252    0.0369986    -0.491582    -0.390352   -0.0767003    -0.065067   -0.0585924   -0.0613158   0.00538421    0.0487462    -0.206596
    0.102337   -0.0552173   0.00882407   -0.0868242     0.143483     0.100782   -0.0845893    -0.041536    0.0409245     0.154513     0.084426    0.0606629    -0.167886
   0.0737676   -0.0583195  0.000844261   -0.0439563     0.133387    0.0194559    0.0496755    0.0698735   -0.0450645     0.194527   -0.0594765   0.00694142     -0.05869
    0.113728    0.0057457    0.0501751 -0.000213513    0.0329155    0.0250155    0.0543879    0.0353656   -0.0301728     0.209973     0.128998    -0.115195    0.0020587
   0.0925442   -0.0250879    0.0468615    -0.061028    0.0371017    0.0330074     0.032659   -0.0845972  0.000319104   -0.0128099     0.239251    0.0788899    -0.100392
    0.137157   -0.0281975   -0.0494501    -0.385158    0.0902999    -0.445525    0.0272969     0.297163   -0.0412752     0.249361    0.0535453      0.16961    0.0323173
    0.131709   -0.0222849   0.00803051   -0.0231825    0.0752802     0.152676   -0.0470646    0.0597441    -0.126207    -0.243131     0.282585    -0.323541    -0.129456
    0.175329   -0.0251082    0.0326575   -0.0392483   0.00804801     0.150342    0.0240367   -0.0711186    -0.183588     0.114463    -0.190902   -0.0683872    0.0416868
   0.0784099   -0.0279569  -0.00697609   -0.0822158   -0.0269843     0.160451     0.140576   -0.0179383    0.0398227   -0.0198966     0.147086  -0.00732104     0.266948
    0.071835   -0.0336098   0.00717454   -0.0539394   -0.0154886    0.0391548     0.144375    -0.107098  -0.00984561   -0.0863795   0.00900416     0.139472    0.0290842
  0.00466956    0.0176971 -0.000676604   -0.0512061   0.00757903    0.0139801  0.000367611     0.033064   -0.0803543    0.0249838    0.0833224    -0.203274     0.126532
  0.00462006   0.00467159   -0.0138009   -0.0306354    0.0254149    0.0353774    0.0447239   -0.0270417    0.0593439   -0.0429694    0.0249095     0.111289    0.0939912
   0.0213566   -0.0600222   -0.0310017   -0.0996582   -0.0269167   -0.0205855   0.00554023   -0.0351766  -0.00582586    -0.112069    0.0429036    0.0304777   -0.0283754
  0.00356631  -0.00176899   0.00269226   -0.0170352   0.00966421    0.0549283  -0.00730674    0.0473261   -0.0526811   -0.0837211   -0.0161061    0.0413994    0.0674618
   0.0153208    -0.035135   -0.0233354   -0.0543498    0.0696151    0.0182109    0.0564432    0.0605305   -0.0941256     -0.10022    0.0243833    0.0966152   -0.0575405
  0.00320019   0.00132372    0.0121834    0.0100828   0.00585795    0.0476056    0.0115889   -0.0180468  -0.00931586   -0.0553145    -0.097783    0.0936898    -0.124436
  0.00382518 -8.91828e-05    0.0159938   -0.0241795    0.0416406   -0.0325938   -0.0188184    0.0146924   -0.0655234    -0.100893  -0.00922557    0.0372741    -0.011136
   0.0517314  -0.00802975    0.0432972   -0.0124714    0.0283551     0.132086    0.0450752   -0.0136467   -0.0971242   -0.0390191    0.0695102    0.0162289   -0.0674218
     0.22611    0.0803757     0.140634  -0.00729276   -0.0405517   -0.0745106    0.0979793    -0.129153    -0.439403     -0.09768    -0.139359   -0.0140455     0.257454
    0.162487    0.0159177    0.0169199     0.122502    0.0507601      0.12078   -0.0406582    0.0603972   -0.0773206    0.0674904    -0.347106   0.00654121    0.0986879
  0.00408473   0.00383234   0.00495848  -0.00321117   -0.0190225    0.0220196   -0.0613714     0.021861  0.000584574   -0.0143105   0.00430722   0.00511328   -0.0708422
    0.141197   -0.0449706    0.0727606     -0.13973      0.13387    0.0357163   -0.0410504   -0.0859775   -0.0209395     -0.01544     0.265739     0.280759  -0.00262205
    0.115873     0.167059   0.00338028     0.201078     -0.14776   -0.0736135     0.108042     0.192572     0.472273   -0.0744323     0.310348   -0.0379827    0.0896299
  0.00374082 -0.000282392   -0.0125724  0.000707907    0.0172714   -0.0115843    0.0152812   0.00180111    0.0433258     0.032914  -0.00420404    0.0279877    0.0747421
  0.00365157 -0.000472402    -0.011097    0.0055571    0.0114822    0.0215768  -0.00706843    0.0630054    0.0224826    0.0794292    0.0399114   -0.0285161  -0.00533574
   0.0816301  -0.00346765    0.0260275  -0.00621765    0.0196909     0.113656 -0.000950003    0.0419205     -0.10404    -0.114214    -0.043068    0.0358269     0.110336
    0.103772   -0.0881947   -0.0673473    -0.166586     0.178198   -0.0784258   -0.0608115    0.0901956   -0.0932797    -0.197852     0.102796      -0.2401    0.0312096
    0.102145   -0.0195784    0.0185167    0.0318316   -0.0249859     0.208359     0.126077    0.0381151     0.102738    0.0479377    0.0357675    -0.196428    -0.181958
   0.0827012   -0.0710042   0.00842024    -0.181072     0.112476    -0.234086    0.0503007     0.130807   -0.0524049    -0.353278    -0.176512    -0.225543   -0.0935042
   0.0962079   -0.0893663   -0.0584738   -0.0604336    0.0510804     0.110868     0.164199    0.0588296    0.0934341    -0.124757    -0.100741    0.0763964    -0.199068
  0.00312012  -0.00160029  -0.00078077   0.00564804    0.0237426  -0.00132758   -0.0132002   -0.0384022     0.019927     0.053694    0.0526494    0.0391737   -0.0834291
    0.221258   0.00961927   -0.0234764    -0.117943    0.0581021   -0.0874041   -0.0145048     0.183118     0.313459     0.013896    -0.208865     0.120586     0.402721
   0.0949467    0.0701303    0.0674862    0.0327105    0.0240905   -0.0900231  -0.00516034    0.0210592    -0.251258   -0.0460894    0.0876726   -0.0657863    -0.134808
   0.0365537   -0.0206878   -0.0126956   -0.0558655     0.150614    0.0602449   0.00144811    0.0503791   -0.0560481    0.0112933     0.150831     0.100928     0.178531
  0.00449065    -0.012035   -0.0417943   -0.0516782    0.0370128   -0.0357202   -0.0858362    0.0808557  -0.00988162    0.0540229     0.110908    -0.100827      0.10183
   0.0999018    0.0192141    0.0345213    -0.027882    0.0670473   -0.0149854   -0.0584937    0.0137791   -0.0820298    0.0917247     0.203144     0.283566   -0.0181206
  0.00365252  -0.00160288    0.0119626    0.0168665   0.00450278    0.0422399   -0.0396567    0.0176163    0.0258396  -0.00846266  -0.00619581    0.0232346    0.0676143
   0.0758219    0.0337909    0.0800203   -0.0378667  -0.00452582    0.0602593     0.249255    -0.160041    -0.011684    -0.203896   -0.0908468     0.175073     0.150121
  0.00224097  -0.00505334   -0.0102378   -0.0458491   -0.0148176   -0.0231239    0.0233604    0.0115125   -0.0552564    0.0569645     0.026686    0.0397876   -0.0411567
    0.163284   -0.0429384   -0.0391467    0.0180574   -0.0465153    0.0771812   -0.0570374     0.109204   -0.0135425  -0.00296972    -0.277767     0.342007    -0.321459
