0.103937
0.126415
0.143663
0.158665
0.171365
0.182624
0.192638
0.201045
0.209171
0.216652
0.223722
0.230586
   0.237
0.243285
0.248997
0.254596
0.260012
0.265247
0.270358
0.275409
0.280284
0.285057
0.289785
0.294294
0.298615
0.302907
0.307151
0.311169
0.315089
0.318977
0.322812
0.326543
0.330192
0.333788
0.337301
 0.34078
0.344151
0.347482
0.350777
0.354017
0.357133
0.360225
0.363307
0.366296
0.369259
0.372153
0.375013
0.377837
0.380645
0.383398
0.386135
0.388831
0.391484
0.394094
 0.39669
0.399268
0.401836
0.404377
 0.40687
0.409344
0.411777
0.414205
0.416597
0.418968
0.421326
0.423652
0.425955
0.428251
0.430495
0.432736
0.434942
0.437144
0.439315
 0.44148
0.443614
0.445743
 0.44785
0.449935
0.452005
0.454073
0.456095
0.458109
0.460107
0.462092
0.464066
0.466021
0.467951
0.469871
0.471777
0.473666
0.475549
0.477421
 0.47928
0.481122
0.482956
0.484779
0.486591
0.488392
0.490177
 0.49195
0.493708
0.495453
0.497187
0.498911
0.500623
0.502324
0.504016
0.505703
0.507377
0.509038
0.510691
0.512333
0.513968
0.515588
0.517197
0.518802
0.520397
0.521981
0.523556
0.525125
0.526688
0.528243
0.529794
0.531327
0.532853
0.534369
0.535879
0.537387
0.538886
0.540378
0.541858
 0.54333
0.544796
0.546256
0.547714
0.549162
0.550601
0.552038
0.553464
0.554879
0.556289
0.557691
0.559088
0.560481
0.561858
 0.56323
0.564598
0.565962
0.567319
0.568674
0.570024
0.571369
  0.5727
0.574029
0.575356
0.576679
0.577994
0.579299
0.580601
0.581899
0.583194
0.584484
0.585769
0.587052
0.588331
0.589608
0.590876
0.592137
 0.59339
0.594639
0.595886
0.597127
0.598362
0.599593
0.600819
0.602043
0.603264
0.604478
0.605686
0.606888
0.608088
0.609285
0.610477
0.611657
0.612836
0.614007
0.615172
0.616336
0.617496
0.618651
0.619804
0.620953
0.622096
0.623235
0.624371
0.625503
0.626633
0.627756
0.628878
0.629994
0.631107
0.632217
0.633326
0.634429
0.635523
0.636615
0.637702
0.638788
0.639871
 0.64095
0.642027
0.643097
0.644164
0.645225
0.646283
 0.64734
0.648392
 0.64944
0.650482
0.651524
0.652563
0.653598
0.654629
0.655659
0.656683
0.657705
0.658722
0.659736
0.660749
 0.66176
0.662769
0.663773
0.664772
0.665767
0.666761
0.667754
0.668744
0.669729
0.670712
0.671693
0.672672
0.673647
0.674619
 0.67559
0.676555
0.677519
0.678479
0.679435
 0.68039
0.681343
0.682293
0.683242
0.684185
0.685124
0.686062
0.686998
0.687933
0.688866
0.689794
0.690719
0.691643
0.692563
0.693482
  0.6944
0.695313
0.696224
0.697132
 0.69804
0.698943
0.699843
0.700741
0.701635
0.702527
0.703416
0.704304
0.705189
0.706071
0.706952
0.707829
0.708705
0.709578
0.710448
0.711316
0.712181
0.713043
0.713903
0.714762
0.715618
0.716473
0.717326
0.718176
0.719024
0.719871
0.720718
0.721561
0.722401
0.723237
 0.72407
0.724902
0.725732
0.726559
0.727385
0.728209
0.729031
0.729851
0.730669
0.731485
0.732297
0.733108
0.733915
0.734721
0.735524
0.736325
0.737124
0.737923
0.738717
0.739508
0.740299
0.741088
0.741875
0.742658
0.743442
0.744222
0.744998
0.745773
0.746546
0.747317
0.748088
0.748857
0.749624
0.750389
0.751151
0.751912
0.752671
0.753428
0.754182
0.754935
0.755684
0.756432
0.757179
0.757924
0.758668
0.759412
0.760151
0.760888
0.761625
0.762358
0.763091
0.763823
0.764552
0.765279
0.766006
0.766732
0.767456
0.768178
0.768898
0.769616
0.770334
0.771049
0.771764
0.772477
0.773186
0.773894
  0.7746
0.775306
0.776011
0.776712
0.777412
0.778109
0.778804
0.779498
 0.78019
0.780882
0.781573
0.782259
0.782943
0.783626
0.784309
0.784988
0.785667
0.786344
 0.78702
0.787694
0.788367
0.789038
0.789707
0.790375
0.791041
0.791706
0.792369
0.793032
0.793693
0.794353
0.795009
0.795665
0.796319
0.796973
0.797624
0.798274
0.798923
0.799572
0.800218
0.800863
0.801507
0.802148
0.802788
0.803426
0.804062
0.804696
 0.80533
0.805963
0.806594
0.807224
0.807851
0.808477
0.809102
0.809726
0.810349
0.810969
0.811589
0.812206
0.812822
0.813438
0.814052
0.814664
0.815274
0.815883
0.816491
0.817098
0.817704
0.818308
0.818911
0.819514
0.820114
0.820713
 0.82131
0.821907
0.822501
0.823096
0.823689
0.824278
0.824867
0.825453
0.826039
0.826625
0.827209
0.827792
0.828372
0.828952
 0.82953
0.830106
0.830682
0.831257
0.831831
0.832404
0.832974
0.833542
0.834109
0.834676
0.835241
0.835805
0.836368
0.836929
0.837489
0.838049
0.838608
0.839165
0.839723
0.840278
0.840832
0.841385
0.841936
0.842487
0.843035
0.843583
0.844129
0.844673
0.845217
0.845759
0.846298
0.846837
0.847374
0.847909
0.848444
0.848977
0.849509
 0.85004
0.850571
0.851099
0.851627
0.852154
 0.85268
0.853205
 0.85373
0.854252
0.854774
0.855293
0.855811
0.856328
0.856844
0.857359
0.857873
0.858386
0.858898
0.859409
0.859919
0.860428
0.860936
0.861443
0.861948
0.862452
0.862955
0.863457
0.863958
0.864458
0.864955
0.865453
0.865949
0.866444
0.866938
 0.86743
0.867921
0.868412
  0.8689
0.869387
0.869874
0.870359
0.870843
0.871326
0.871809
 0.87229
0.872771
0.873251
 0.87373
0.874208
0.874684
 0.87516
0.875636
0.876109
 0.87658
0.877051
0.877521
0.877991
0.878459
0.878926
0.879392
0.879858
0.880321
0.880784
0.881245
0.881705
0.882164
0.882623
 0.88308
0.883536
0.883991
0.884445
0.884899
0.885351
0.885803
0.886253
0.886702
0.887151
0.887598
0.888045
0.888491
0.888935
0.889379
0.889822
0.890264
0.890704
0.891143
0.891581
0.892017
0.892453
0.892888
0.893323
0.893756
0.894187
0.894617
0.895046
0.895475
0.895902
0.896329
0.896755
0.897179
0.897603
0.898026
0.898449
 0.89887
 0.89929
 0.89971
0.900128
0.900547
0.900963
0.901379
0.901792
0.902206
0.902619
0.903031
0.903442
0.903852
0.904261
 0.90467
0.905077
0.905483
0.905888
0.906293
0.906697
0.907099
0.907501
0.907903
0.908302
0.908701
0.909099
0.909496
0.909892
0.910288
0.910682
0.911076
0.911468
 0.91186
0.912251
 0.91264
0.913029
0.913416
0.913803
0.914189
0.914574
0.914957
0.915341
0.915723
0.916105
0.916486
0.916866
0.917245
0.917624
0.918001
0.918378
0.918754
0.919128
0.919503
0.919877
 0.92025
0.920622
0.920993
0.921362
0.921731
0.922099
0.922467
0.922834
0.923201
0.923566
 0.92393
0.924294
0.924656
0.925018
0.925379
 0.92574
0.926099
0.926456
0.926813
 0.92717
0.927525
0.927879
0.928232
0.928584
0.928935
0.929286
0.929636
0.929986
0.930336
0.930684
 0.93103
0.931377
0.931722
0.932067
0.932411
0.932755
0.933097
0.933438
0.933779
0.934119
0.934458
0.934796
0.935133
 0.93547
0.935806
 0.93614
0.936474
0.936807
0.937139
 0.93747
  0.9378
0.938128
0.938455
0.938783
0.939108
0.939434
0.939759
0.940083
0.940406
0.940729
 0.94105
0.941371
0.941691
0.942011
0.942329
0.942646
0.942962
0.943277
0.943592
0.943907
0.944221
0.944534
0.944846
0.945158
0.945468
0.945777
0.946086
0.946395
0.946702
0.947008
0.947313
0.947618
0.947922
0.948226
0.948528
 0.94883
 0.94913
 0.94943
0.949728
0.950026
0.950323
0.950619
0.950914
0.951209
0.951502
0.951795
0.952088
 0.95238
0.952671
0.952961
0.953251
0.953539
0.953825
0.954111
0.954397
0.954681
0.954964
0.955247
0.955528
0.955809
 0.95609
0.956369
0.956647
0.956925
0.957201
0.957476
 0.95775
0.958023
0.958296
0.958567
0.958838
0.959109
0.959379
0.959648
0.959917
0.960185
0.960451
0.960717
0.960981
0.961245
0.961507
0.961769
0.962029
0.962289
0.962549
0.962806
0.963062
0.963319
0.963574
0.963829
0.964083
0.964337
 0.96459
0.964841
0.965092
0.965341
 0.96559
0.965838
0.966085
0.966331
0.966576
0.966821
0.967065
0.967308
 0.96755
0.967791
0.968032
0.968272
0.968511
 0.96875
0.968987
0.969224
 0.96946
0.969695
0.969929
0.970163
0.970394
0.970625
0.970855
0.971085
0.971314
0.971541
0.971767
0.971992
0.972217
0.972442
0.972665
0.972888
 0.97311
 0.97333
 0.97355
0.973769
0.973987
0.974205
0.974421
0.974637
0.974851
0.975065
0.975278
 0.97549
0.975701
0.975911
0.976121
 0.97633
0.976538
0.976746
0.976953
0.977159
0.977363
0.977567
0.977771
0.977973
0.978174
0.978374
0.978573
0.978772
 0.97897
0.979166
0.979361
0.979555
0.979748
0.979941
0.980132
0.980322
0.980511
  0.9807
0.980888
0.981075
0.981261
0.981446
 0.98163
0.981812
0.981994
0.982175
0.982356
0.982535
0.982713
 0.98289
0.983067
0.983243
0.983418
0.983592
0.983766
0.983938
 0.98411
0.984281
 0.98445
0.984619
0.984787
0.984954
 0.98512
0.985285
0.985449
0.985613
0.985776
0.985939
  0.9861
 0.98626
0.986419
0.986577
0.986733
0.986889
0.987043
0.987196
0.987349
0.987502
0.987654
0.987804
0.987954
0.988104
0.988252
  0.9884
0.988547
0.988693
0.988838
0.988982
0.989125
0.989267
0.989409
 0.98955
 0.98969
 0.98983
0.989969
0.990107
0.990244
0.990381
0.990517
0.990652
0.990787
0.990922
0.991055
0.991188
0.991319
0.991451
0.991581
0.991711
0.991841
0.991968
0.992095
0.992221
0.992347
0.992472
0.992597
0.992721
0.992844
0.992967
0.993088
0.993209
 0.99333
 0.99345
0.993569
0.993688
0.993806
0.993924
0.994042
0.994159
0.994275
 0.99439
0.994505
0.994619
0.994733
0.994846
0.994959
0.995071
0.995183
0.995294
0.995404
0.995515
0.995624
0.995733
0.995842
 0.99595
0.996058
0.996165
0.996272
0.996378
0.996484
0.996589
0.996693
0.996796
  0.9969
0.997003
0.997105
0.997206
0.997307
0.997407
0.997508
0.997607
0.997706
0.997804
0.997902
0.997999
0.998097
0.998193
0.998288
0.998383
0.998477
0.998571
0.998663
0.998755
0.998846
0.998936
0.999025
0.999113
0.999201
0.999287
0.999374
0.999458
0.999543
0.999626
0.999706
0.999785
0.999861
0.999935
       1
