 0.90983
0.926057
0.933227
0.939321
0.944928
0.948739
0.951818
0.954338
0.956637
0.958561
0.960227
0.961655
0.962874
0.963998
0.965014
0.965965
0.966892
0.967782
0.968579
 0.96937
0.970122
0.970802
0.971443
0.972032
0.972603
0.973139
 0.97367
0.974175
0.974678
0.975157
0.975613
0.976058
0.976494
0.976901
0.977298
0.977679
0.978049
0.978399
0.978741
 0.97908
0.979405
0.979721
0.980034
0.980332
0.980624
0.980905
0.981184
0.981453
0.981712
0.981965
 0.98221
0.982451
0.982685
0.982913
0.983141
0.983363
 0.98358
0.983792
0.983997
0.984199
0.984396
0.984591
0.984779
0.984961
0.985141
0.985318
0.985493
0.985658
0.985821
0.985985
0.986145
0.986302
0.986458
0.986614
0.986765
0.986913
 0.98706
0.987205
0.987348
0.987489
0.987628
0.987765
0.987902
0.988035
0.988168
0.988299
0.988427
0.988551
0.988674
0.988794
0.988913
 0.98903
0.989147
 0.98926
0.989372
0.989483
0.989592
0.989701
0.989809
0.989914
0.990018
0.990121
0.990223
0.990324
0.990423
 0.99052
0.990617
0.990713
0.990809
0.990903
0.990996
0.991087
0.991177
0.991267
0.991356
0.991444
 0.99153
0.991616
0.991702
0.991786
 0.99187
0.991953
0.992034
0.992114
0.992194
0.992274
0.992353
0.992431
0.992508
0.992585
0.992661
0.992737
0.992813
0.992886
 0.99296
0.993032
0.993104
0.993175
0.993246
0.993315
0.993385
0.993453
0.993521
0.993588
0.993655
0.993721
0.993787
0.993852
0.993916
 0.99398
0.994042
0.994104
0.994165
0.994227
0.994287
0.994346
0.994406
0.994465
0.994524
0.994583
 0.99464
0.994697
0.994753
 0.99481
0.994865
 0.99492
0.994974
0.995028
0.995082
0.995135
0.995187
0.995239
0.995291
0.995342
0.995393
0.995443
0.995494
0.995543
0.995592
 0.99564
0.995688
0.995736
0.995784
0.995831
0.995877
0.995923
0.995969
0.996014
0.996059
0.996104
0.996148
0.996192
0.996235
0.996278
0.996321
0.996364
0.996406
0.996448
 0.99649
0.996532
0.996573
0.996613
0.996653
0.996693
0.996732
0.996772
 0.99681
0.996848
0.996886
0.996924
0.996962
0.996999
0.997036
0.997073
0.997109
0.997145
 0.99718
0.997215
 0.99725
0.997285
0.997319
0.997353
0.997386
 0.99742
0.997453
0.997486
0.997518
 0.99755
0.997582
0.997614
0.997645
0.997676
0.997707
0.997738
0.997768
0.997798
0.997827
0.997857
0.997886
0.997914
0.997943
0.997971
0.997999
0.998027
0.998055
0.998082
0.998109
0.998136
0.998162
0.998188
0.998214
 0.99824
0.998265
 0.99829
0.998315
 0.99834
0.998364
0.998389
0.998413
0.998437
 0.99846
0.998484
0.998506
0.998529
0.998552
0.998574
0.998596
0.998618
 0.99864
0.998661
0.998682
0.998703
0.998724
0.998745
0.998765
0.998785
0.998805
0.998824
0.998843
0.998862
0.998881
0.998899
0.998918
0.998936
0.998953
0.998971
0.998989
0.999006
0.999022
0.999039
0.999055
0.999071
0.999087
0.999102
0.999117
0.999132
0.999147
0.999161
0.999175
0.999189
0.999202
0.999215
0.999228
 0.99924
0.999252
0.999263
0.999274
0.999285
0.999295
0.999305
0.999314
0.999323
0.999331
0.999338
0.999344
 0.99935
0.999355
0.999359
0.999362
0.999365
0.999365
0.999365
0.999365
0.999365
0.999365
0.999365
0.999366
0.999366
0.999366
0.999366
0.999366
0.999366
0.999366
0.999366
0.999366
0.999366
0.999366
0.999366
0.999367
0.999367
0.999367
0.999367
0.999367
0.999367
0.999367
0.999367
0.999367
0.999367
0.999367
0.999367
0.999367
0.999367
0.999367
0.999367
0.999367
0.999368
0.999368
0.999368
0.999368
0.999368
0.999368
0.999368
0.999368
0.999368
0.999368
0.999368
0.999368
0.999368
0.999368
0.999368
0.999368
0.999368
0.999369
0.999369
0.999369
0.999369
0.999369
0.999369
0.999369
0.999369
0.999369
0.999369
0.999369
0.999369
0.999369
0.999369
0.999369
0.999369
 0.99937
 0.99937
 0.99937
 0.99937
 0.99937
 0.99937
 0.99937
 0.99937
 0.99937
 0.99937
 0.99937
 0.99937
 0.99937
 0.99937
 0.99937
 0.99937
 0.99937
0.999371
0.999371
0.999371
0.999371
0.999371
0.999371
0.999371
0.999371
0.999371
0.999371
0.999371
0.999371
0.999371
0.999371
0.999371
0.999371
0.999371
0.999372
0.999372
0.999372
0.999372
0.999372
0.999372
0.999372
0.999372
0.999372
0.999372
0.999372
0.999372
0.999372
0.999372
0.999372
0.999372
0.999372
0.999373
0.999373
0.999373
0.999373
0.999373
0.999373
0.999373
0.999373
0.999373
0.999373
0.999373
0.999373
0.999373
0.999373
0.999373
0.999373
0.999373
0.999374
0.999374
0.999374
0.999374
0.999374
0.999374
0.999374
0.999374
0.999374
0.999374
0.999374
0.999374
0.999374
0.999374
0.999374
0.999374
0.999375
0.999375
0.999375
0.999375
0.999375
0.999375
0.999375
0.999375
0.999375
0.999375
0.999375
0.999375
0.999375
0.999375
0.999375
0.999375
0.999375
0.999376
0.999376
0.999376
0.999376
0.999376
0.999376
0.999376
0.999376
0.999376
0.999376
0.999376
0.999376
0.999376
0.999376
0.999376
0.999376
0.999376
0.999377
0.999377
0.999377
0.999377
0.999377
0.999377
0.999377
0.999377
0.999377
0.999377
0.999377
0.999377
0.999377
0.999377
0.999377
0.999377
0.999377
0.999378
0.999378
0.999378
0.999378
0.999378
0.999378
0.999378
0.999378
0.999378
0.999378
0.999378
0.999378
0.999378
0.999378
0.999378
0.999378
0.999379
0.999379
0.999379
0.999379
0.999379
0.999379
0.999379
0.999379
0.999379
0.999379
0.999379
0.999379
0.999379
0.999379
0.999379
0.999379
0.999379
 0.99938
 0.99938
 0.99938
 0.99938
 0.99938
 0.99938
 0.99938
 0.99938
 0.99938
 0.99938
 0.99938
 0.99938
 0.99938
 0.99938
 0.99938
 0.99938
 0.99938
0.999381
0.999381
0.999381
0.999381
0.999381
0.999381
0.999381
0.999381
0.999381
0.999381
0.999381
0.999381
0.999381
0.999381
0.999381
0.999381
0.999381
0.999382
0.999382
0.999382
0.999382
0.999382
0.999382
0.999382
0.999382
0.999382
0.999382
0.999382
0.999382
0.999382
0.999382
0.999382
0.999382
0.999382
0.999383
0.999383
0.999383
0.999383
0.999383
0.999383
0.999383
0.999383
0.999383
0.999383
0.999383
0.999383
0.999383
0.999383
0.999383
0.999383
0.999384
0.999384
0.999384
0.999384
0.999384
0.999384
0.999384
0.999384
0.999384
0.999384
0.999384
0.999384
0.999384
0.999384
0.999384
0.999384
0.999384
0.999385
0.999385
0.999385
0.999385
0.999385
0.999385
0.999385
0.999385
0.999385
0.999385
0.999385
0.999385
0.999385
0.999385
0.999385
0.999385
0.999385
0.999386
0.999386
0.999386
0.999386
0.999386
0.999386
0.999386
0.999386
0.999386
0.999386
0.999386
0.999386
0.999386
0.999386
0.999386
0.999386
0.999386
0.999387
0.999387
0.999387
0.999387
0.999387
0.999387
0.999387
0.999387
0.999387
0.999387
0.999387
0.999387
0.999387
0.999387
0.999387
0.999387
0.999388
0.999388
0.999388
0.999388
0.999388
0.999388
0.999388
0.999388
0.999388
0.999388
0.999388
0.999388
0.999388
0.999388
0.999388
0.999388
0.999388
0.999389
0.999389
0.999389
0.999389
0.999389
0.999389
0.999389
0.999389
0.999389
0.999389
0.999389
0.999389
0.999389
0.999389
0.999389
0.999389
0.999389
 0.99939
 0.99939
 0.99939
 0.99939
 0.99939
 0.99939
 0.99939
 0.99939
 0.99939
 0.99939
 0.99939
 0.99939
 0.99939
 0.99939
 0.99939
 0.99939
 0.99939
0.999391
0.999391
0.999391
0.999391
0.999391
0.999391
0.999391
0.999391
0.999391
0.999391
0.999391
0.999391
0.999391
0.999391
0.999391
0.999391
0.999391
0.999392
0.999392
0.999392
0.999392
0.999392
0.999392
0.999392
0.999392
0.999392
0.999392
0.999392
0.999392
0.999392
0.999392
0.999392
0.999392
0.999393
0.999393
0.999393
0.999393
0.999393
0.999393
0.999393
0.999393
0.999393
0.999393
0.999393
0.999393
0.999393
0.999393
0.999393
0.999393
0.999393
0.999394
0.999394
0.999394
0.999394
0.999394
0.999394
0.999394
0.999394
0.999394
0.999394
0.999394
0.999394
0.999394
0.999394
0.999394
0.999394
0.999394
0.999395
0.999395
0.999395
0.999395
0.999395
0.999395
0.999395
0.999395
0.999395
0.999395
0.999395
0.999395
0.999395
0.999395
0.999395
0.999395
0.999395
0.999396
0.999396
0.999396
0.999396
0.999396
0.999396
0.999396
0.999396
0.999396
0.999396
0.999396
0.999396
0.999396
0.999396
0.999396
0.999396
0.999397
0.999397
0.999397
0.999397
0.999397
0.999397
0.999397
0.999397
0.999397
0.999397
0.999397
0.999397
0.999397
0.999397
0.999397
0.999397
0.999397
0.999398
0.999398
0.999398
0.999398
0.999398
0.999398
0.999398
0.999398
0.999398
0.999398
0.999398
0.999398
0.999398
0.999398
0.999398
0.999398
0.999398
0.999399
0.999399
0.999399
0.999399
0.999399
0.999399
0.999399
0.999399
0.999399
0.999399
0.999399
0.999399
0.999399
0.999399
0.999399
0.999399
0.999399
  0.9994
  0.9994
  0.9994
  0.9994
  0.9994
  0.9994
  0.9994
  0.9994
  0.9994
  0.9994
  0.9994
  0.9994
  0.9994
  0.9994
  0.9994
  0.9994
  0.9994
0.999401
0.999401
0.999401
0.999401
0.999401
0.999401
0.999401
0.999401
0.999401
0.999401
0.999401
0.999401
0.999401
0.999401
0.999401
0.999401
0.999402
0.999402
0.999402
0.999402
0.999402
0.999402
0.999402
0.999402
0.999402
0.999402
0.999402
0.999402
0.999402
0.999402
0.999402
0.999402
0.999402
0.999403
0.999403
0.999403
0.999403
0.999403
0.999403
0.999403
0.999403
0.999403
0.999403
0.999403
0.999403
0.999403
0.999403
0.999403
0.999403
0.999403
0.999404
0.999404
0.999404
0.999404
0.999404
0.999404
0.999404
0.999404
0.999404
0.999404
0.999404
0.999404
0.999404
0.999404
0.999404
0.999404
0.999404
0.999405
0.999405
0.999405
0.999405
0.999405
0.999405
0.999405
0.999405
0.999405
0.999405
0.999405
0.999405
0.999405
0.999405
0.999405
0.999405
0.999406
0.999406
0.999406
0.999406
0.999406
0.999406
0.999406
0.999406
0.999406
0.999406
0.999406
0.999406
0.999406
0.999406
0.999406
0.999406
0.999406
0.999407
0.999407
0.999407
0.999407
0.999407
0.999407
0.999407
0.999407
0.999407
0.999407
0.999407
0.999407
0.999407
0.999407
0.999407
0.999407
0.999407
0.999408
0.999408
0.999408
0.999408
0.999408
0.999408
0.999408
0.999408
0.999408
0.999408
0.999408
0.999408
0.999408
0.999408
0.999408
0.999408
0.999408
0.999409
0.999409
0.999409
0.999409
0.999409
0.999409
0.999409
0.999409
0.999409
0.999409
0.999409
0.999409
0.999409
0.999409
0.999409
0.999409
0.999409
 0.99941
 0.99941
 0.99941
 0.99941
 0.99941
 0.99941
 0.99941
 0.99941
 0.99941
 0.99941
 0.99941
 0.99941
 0.99941
 0.99941
 0.99941
 0.99941
0.999411
0.999411
0.999411
0.999411
0.999411
0.999411
0.999411
0.999411
0.999411
0.999411
0.999411
0.999411
0.999411
0.999411
0.999411
0.999411
0.999411
0.999412
0.999412
0.999412
0.999412
0.999412
0.999412
0.999412
0.999412
0.999412
0.999412
0.999412
0.999412
0.999412
0.999412
0.999412
0.999412
0.999412
0.999413
0.999413
0.999413
0.999413
0.999413
0.999413
0.999413
0.999413
0.999413
0.999413
0.999413
0.999413
0.999413
0.999413
0.999413
0.999413
0.999413
0.999414
0.999414
0.999414
0.999414
0.999414
0.999414
0.999414
0.999414
0.999414
0.999414
0.999414
0.999414
0.999414
0.999414
0.999414
0.999414
0.999415
0.999415
0.999415
0.999415
0.999415
0.999415
0.999415
0.999415
0.999415
0.999415
0.999415
0.999415
0.999415
0.999415
0.999415
0.999415
0.999415
0.999416
0.999416
0.999416
0.999416
0.999416
0.999416
0.999416
0.999416
0.999416
0.999416
0.999416
0.999416
0.999416
0.999416
0.999416
0.999416
0.999416
0.999417
0.999417
0.999417
0.999417
0.999417
0.999417
0.999417
0.999417
0.999417
0.999417
0.999417
0.999417
0.999417
0.999417
0.999417
0.999417
0.999417
0.999418
0.999418
0.999418
0.999418
0.999418
0.999418
0.999418
0.999418
0.999418
0.999418
0.999418
0.999418
0.999418
0.999418
0.999418
0.999418
0.999418
0.999419
0.999419
0.999419
0.999419
0.999419
0.999419
0.999419
0.999419
0.999419
0.999419
0.999419
0.999419
0.999419
0.999419
0.999419
0.999419
 0.99942
 0.99942
 0.99942
 0.99942
 0.99942
 0.99942
 0.99942
 0.99942
 0.99942
 0.99942
 0.99942
 0.99942
 0.99942
 0.99942
 0.99942
 0.99942
 0.99942
0.999421
0.999421
0.999421
0.999421
0.999421
0.999421
0.999421
0.999421
0.999421
0.999421
0.999421
0.999421
0.999421
0.999421
0.999421
0.999421
0.999421
0.999422
0.999422
0.999422
0.999422
0.999422
0.999422
0.999422
0.999422
0.999422
0.999422
0.999422
0.999422
0.999422
0.999422
0.999422
0.999422
0.999422
0.999423
0.999423
0.999423
0.999423
0.999423
0.999423
0.999423
0.999423
0.999423
0.999423
0.999423
0.999423
0.999423
0.999423
0.999423
0.999423
0.999424
0.999424
0.999424
0.999424
0.999424
0.999424
0.999424
0.999424
0.999424
0.999424
0.999424
0.999424
0.999424
0.999424
0.999424
0.999424
0.999424
0.999425
0.999425
0.999425
0.999425
0.999425
0.999425
0.999425
0.999425
0.999425
0.999425
0.999425
0.999425
0.999425
0.999425
0.999425
0.999425
0.999425
0.999426
0.999426
0.999426
0.999426
0.999426
0.999426
0.999426
0.999426
0.999426
0.999426
0.999426
0.999426
0.999426
0.999426
0.999426
0.999426
0.999426
0.999427
0.999427
0.999427
0.999427
0.999427
0.999427
0.999427
0.999427
0.999427
0.999427
0.999427
0.999427
0.999427
0.999427
0.999427
0.999427
0.999427
0.999428
0.999428
0.999428
0.999428
0.999428
0.999428
0.999428
0.999428
0.999428
0.999428
0.999428
0.999428
0.999428
0.999428
0.999428
0.999428
0.999429
0.999429
0.999429
0.999429
0.999429
0.999429
0.999429
0.999429
0.999429
0.999429
0.999429
0.999429
0.999429
0.999429
0.999429
0.999429
0.999429
 0.99943
 0.99943
 0.99943
 0.99943
 0.99943
 0.99943
 0.99943
 0.99943
 0.99943
 0.99943
 0.99943
 0.99943
 0.99943
 0.99943
 0.99943
 0.99943
 0.99943
0.999431
0.999431
0.999431
0.999431
0.999431
0.999431
0.999431
0.999431
0.999431
0.999431
0.999431
0.999431
0.999431
0.999431
0.999431
0.999431
0.999431
0.999432
0.999432
0.999432
0.999432
0.999432
0.999432
0.999432
0.999432
0.999432
0.999432
0.999432
0.999432
0.999432
0.999432
0.999432
0.999432
0.999433
0.999433
0.999433
0.999433
0.999433
0.999433
0.999433
0.999433
0.999433
0.999433
0.999433
0.999433
0.999433
0.999433
0.999433
0.999433
0.999433
0.999434
0.999434
0.999434
0.999434
0.999434
0.999434
0.999434
0.999434
0.999434
0.999434
0.999434
0.999434
0.999434
0.999434
0.999434
0.999434
0.999434
0.999435
0.999435
0.999435
0.999435
0.999435
0.999435
0.999435
0.999435
0.999435
0.999435
0.999435
0.999435
0.999435
0.999435
0.999435
0.999435
0.999435
0.999436
0.999436
0.999436
0.999436
0.999436
0.999436
0.999436
0.999436
0.999436
0.999436
0.999436
0.999436
0.999436
0.999436
0.999436
0.999436
0.999436
0.999437
0.999437
0.999437
0.999437
0.999437
0.999437
0.999437
0.999437
0.999437
0.999437
0.999437
0.999437
0.999437
0.999437
0.999437
0.999437
0.999438
0.999438
0.999438
0.999438
0.999438
0.999438
0.999438
0.999438
0.999438
0.999438
0.999438
0.999438
0.999438
0.999438
0.999438
0.999438
0.999438
0.999439
0.999439
0.999439
0.999439
0.999439
0.999439
0.999439
0.999439
0.999439
0.999439
0.999439
0.999439
0.999439
0.999439
0.999439
0.999439
0.999439
 0.99944
 0.99944
 0.99944
 0.99944
 0.99944
 0.99944
 0.99944
 0.99944
 0.99944
 0.99944
 0.99944
 0.99944
 0.99944
 0.99944
 0.99944
 0.99944
 0.99944
0.999441
0.999441
0.999441
0.999441
0.999441
0.999441
0.999441
0.999441
0.999441
0.999441
0.999441
0.999441
0.999441
0.999441
0.999441
0.999441
0.999442
0.999442
0.999442
0.999442
0.999442
0.999442
0.999442
0.999442
0.999442
0.999442
0.999442
0.999442
0.999442
0.999442
0.999442
0.999442
0.999442
0.999443
0.999443
0.999443
0.999443
0.999443
0.999443
0.999443
0.999443
0.999443
0.999443
0.999443
0.999443
0.999443
0.999443
0.999443
0.999443
0.999443
0.999444
0.999444
0.999444
0.999444
0.999444
0.999444
0.999444
0.999444
0.999444
0.999444
0.999444
0.999444
0.999444
0.999444
0.999444
0.999444
0.999444
0.999445
0.999445
0.999445
0.999445
0.999445
0.999445
0.999445
0.999445
0.999445
0.999445
0.999445
0.999445
0.999445
0.999445
0.999445
0.999445
0.999445
0.999446
0.999446
0.999446
0.999446
0.999446
0.999446
0.999446
0.999446
0.999446
0.999446
0.999446
0.999446
0.999446
0.999446
0.999446
0.999446
0.999447
0.999447
0.999447
0.999447
0.999447
0.999447
0.999447
0.999447
0.999447
0.999447
0.999447
0.999447
0.999447
0.999447
0.999447
0.999447
0.999447
0.999448
0.999448
0.999448
0.999448
0.999448
0.999448
0.999448
0.999448
0.999448
0.999448
0.999448
0.999448
0.999448
0.999448
0.999448
0.999448
0.999448
0.999449
0.999449
0.999449
0.999449
0.999449
0.999449
0.999449
0.999449
0.999449
0.999449
0.999449
0.999449
0.999449
0.999449
0.999449
0.999449
0.999449
 0.99945
 0.99945
 0.99945
 0.99945
 0.99945
 0.99945
 0.99945
 0.99945
 0.99945
 0.99945
 0.99945
 0.99945
 0.99945
 0.99945
 0.99945
 0.99945
0.999451
0.999451
0.999451
0.999451
0.999451
0.999451
0.999451
0.999451
0.999451
0.999451
0.999451
0.999451
0.999451
0.999451
0.999451
0.999451
0.999451
0.999452
0.999452
0.999452
0.999452
0.999452
0.999452
0.999452
0.999452
0.999452
0.999452
0.999452
0.999452
0.999452
0.999452
0.999452
0.999452
0.999452
0.999453
0.999453
0.999453
0.999453
0.999453
0.999453
0.999453
0.999453
0.999453
0.999453
0.999453
0.999453
0.999453
0.999453
0.999453
0.999453
0.999453
0.999454
0.999454
0.999454
0.999454
0.999454
0.999454
0.999454
0.999454
0.999454
0.999454
0.999454
0.999454
0.999454
0.999454
0.999454
0.999454
0.999454
0.999455
0.999455
0.999455
0.999455
0.999455
0.999455
0.999455
0.999455
0.999455
0.999455
0.999455
0.999455
0.999455
0.999455
0.999455
0.999455
0.999456
0.999456
0.999456
0.999456
0.999456
0.999456
0.999456
0.999456
0.999456
0.999456
0.999456
0.999456
0.999456
0.999456
0.999456
0.999456
0.999456
0.999457
0.999457
0.999457
0.999457
0.999457
0.999457
0.999457
0.999457
0.999457
0.999457
0.999457
0.999457
0.999457
0.999457
0.999457
0.999457
0.999457
0.999458
0.999458
0.999458
0.999458
0.999458
0.999458
0.999458
0.999458
0.999458
0.999458
0.999458
0.999458
0.999458
0.999458
0.999458
0.999458
0.999458
0.999459
0.999459
0.999459
0.999459
0.999459
0.999459
0.999459
0.999459
0.999459
0.999459
0.999459
0.999459
0.999459
0.999459
0.999459
0.999459
 0.99946
 0.99946
 0.99946
 0.99946
 0.99946
 0.99946
 0.99946
 0.99946
 0.99946
 0.99946
 0.99946
 0.99946
 0.99946
 0.99946
 0.99946
 0.99946
 0.99946
0.999461
0.999461
0.999461
0.999461
0.999461
0.999461
0.999461
0.999461
0.999461
0.999461
0.999461
0.999461
0.999461
0.999461
0.999461
0.999461
0.999461
0.999462
0.999462
0.999462
0.999462
0.999462
0.999462
0.999462
0.999462
0.999462
0.999462
0.999462
0.999462
0.999462
0.999462
0.999462
0.999462
0.999462
0.999463
0.999463
0.999463
0.999463
0.999463
0.999463
0.999463
0.999463
0.999463
0.999463
0.999463
0.999463
0.999463
0.999463
0.999463
0.999463
0.999463
0.999464
0.999464
0.999464
0.999464
0.999464
0.999464
0.999464
0.999464
0.999464
0.999464
0.999464
0.999464
0.999464
0.999464
0.999464
0.999464
0.999465
0.999465
0.999465
0.999465
0.999465
0.999465
0.999465
0.999465
0.999465
0.999465
0.999465
0.999465
0.999465
0.999465
0.999465
0.999465
0.999465
0.999466
0.999466
0.999466
0.999466
0.999466
0.999466
0.999466
0.999466
0.999466
0.999466
0.999466
0.999466
0.999466
0.999466
0.999466
0.999466
0.999466
0.999467
0.999467
0.999467
0.999467
0.999467
0.999467
0.999467
0.999467
0.999467
0.999467
0.999467
0.999467
0.999467
0.999467
0.999467
0.999467
0.999467
0.999468
0.999468
0.999468
0.999468
0.999468
0.999468
0.999468
0.999468
0.999468
0.999468
0.999468
0.999468
0.999468
0.999468
0.999468
0.999468
0.999469
0.999469
0.999469
0.999469
0.999469
0.999469
0.999469
0.999469
0.999469
0.999469
0.999469
0.999469
0.999469
0.999469
0.999469
0.999469
0.999469
 0.99947
 0.99947
 0.99947
 0.99947
 0.99947
 0.99947
 0.99947
 0.99947
 0.99947
 0.99947
 0.99947
 0.99947
 0.99947
 0.99947
 0.99947
 0.99947
 0.99947
0.999471
0.999471
0.999471
0.999471
0.999471
0.999471
0.999471
0.999471
0.999471
0.999471
0.999471
0.999471
0.999471
0.999471
0.999471
0.999471
0.999471
0.999472
0.999472
0.999472
0.999472
0.999472
0.999472
0.999472
0.999472
0.999472
0.999472
0.999472
0.999472
0.999472
0.999472
0.999472
0.999472
0.999472
0.999473
0.999473
0.999473
0.999473
0.999473
0.999473
0.999473
0.999473
0.999473
0.999473
0.999473
0.999473
0.999473
0.999473
0.999473
0.999473
0.999474
0.999474
0.999474
0.999474
0.999474
0.999474
0.999474
0.999474
0.999474
0.999474
0.999474
0.999474
0.999474
0.999474
0.999474
0.999474
0.999474
0.999475
0.999475
0.999475
0.999475
0.999475
0.999475
0.999475
0.999475
0.999475
0.999475
0.999475
0.999475
0.999475
0.999475
0.999475
0.999475
0.999475
0.999476
0.999476
0.999476
0.999476
0.999476
0.999476
0.999476
0.999476
0.999476
0.999476
0.999476
0.999476
0.999476
0.999476
0.999476
0.999476
0.999476
0.999477
0.999477
0.999477
0.999477
0.999477
0.999477
0.999477
0.999477
0.999477
0.999477
0.999477
0.999477
0.999477
0.999477
0.999477
0.999477
0.999478
0.999478
0.999478
0.999478
0.999478
0.999478
0.999478
0.999478
0.999478
0.999478
0.999478
0.999478
0.999478
0.999478
0.999478
0.999478
0.999478
0.999479
0.999479
0.999479
0.999479
0.999479
0.999479
0.999479
0.999479
0.999479
0.999479
0.999479
0.999479
0.999479
0.999479
0.999479
0.999479
0.999479
 0.99948
 0.99948
 0.99948
 0.99948
 0.99948
 0.99948
 0.99948
 0.99948
 0.99948
 0.99948
 0.99948
 0.99948
 0.99948
 0.99948
 0.99948
 0.99948
 0.99948
0.999481
0.999481
0.999481
0.999481
0.999481
0.999481
0.999481
0.999481
0.999481
0.999481
0.999481
0.999481
0.999481
0.999481
0.999481
0.999481
0.999481
0.999482
0.999482
0.999482
0.999482
0.999482
0.999482
0.999482
0.999482
0.999482
0.999482
0.999482
0.999482
0.999482
0.999482
0.999482
0.999482
0.999483
0.999483
0.999483
0.999483
0.999483
0.999483
0.999483
0.999483
0.999483
0.999483
0.999483
0.999483
0.999483
0.999483
0.999483
0.999483
0.999483
0.999484
0.999484
0.999484
0.999484
0.999484
0.999484
0.999484
0.999484
0.999484
0.999484
0.999484
0.999484
0.999484
0.999484
0.999484
0.999484
0.999484
0.999485
0.999485
0.999485
0.999485
0.999485
0.999485
0.999485
0.999485
0.999485
0.999485
0.999485
0.999485
0.999485
0.999485
0.999485
0.999485
0.999485
0.999486
0.999486
0.999486
0.999486
0.999486
0.999486
0.999486
0.999486
0.999486
0.999486
0.999486
0.999486
0.999486
0.999486
0.999486
0.999486
0.999487
0.999487
0.999487
0.999487
0.999487
0.999487
0.999487
0.999487
0.999487
0.999487
0.999487
0.999487
0.999487
0.999487
0.999487
0.999487
0.999487
0.999488
0.999488
0.999488
0.999488
0.999488
0.999488
0.999488
0.999488
0.999488
0.999488
0.999488
0.999488
0.999488
0.999488
0.999488
0.999488
0.999488
0.999489
0.999489
0.999489
0.999489
0.999489
0.999489
0.999489
0.999489
0.999489
0.999489
0.999489
0.999489
0.999489
0.999489
0.999489
0.999489
0.999489
 0.99949
 0.99949
 0.99949
 0.99949
 0.99949
 0.99949
 0.99949
 0.99949
 0.99949
 0.99949
 0.99949
 0.99949
 0.99949
 0.99949
 0.99949
 0.99949
 0.99949
0.999491
0.999491
0.999491
0.999491
0.999491
0.999491
0.999491
0.999491
0.999491
0.999491
0.999491
0.999491
0.999491
0.999491
0.999491
0.999491
0.999492
0.999492
0.999492
0.999492
0.999492
0.999492
0.999492
0.999492
0.999492
0.999492
0.999492
0.999492
0.999492
0.999492
0.999492
0.999492
0.999492
0.999493
0.999493
0.999493
0.999493
0.999493
0.999493
0.999493
0.999493
0.999493
0.999493
0.999493
0.999493
0.999493
0.999493
0.999493
0.999493
0.999493
0.999494
0.999494
0.999494
0.999494
0.999494
0.999494
0.999494
0.999494
0.999494
0.999494
0.999494
0.999494
0.999494
0.999494
0.999494
0.999494
0.999494
0.999495
0.999495
0.999495
0.999495
0.999495
0.999495
0.999495
0.999495
0.999495
0.999495
0.999495
0.999495
0.999495
0.999495
0.999495
0.999495
0.999496
0.999496
0.999496
0.999496
0.999496
0.999496
0.999496
0.999496
0.999496
0.999496
0.999496
0.999496
0.999496
0.999496
0.999496
0.999496
0.999496
0.999497
0.999497
0.999497
0.999497
0.999497
0.999497
0.999497
0.999497
0.999497
0.999497
0.999497
0.999497
0.999497
0.999497
0.999497
0.999497
0.999497
0.999498
0.999498
0.999498
0.999498
0.999498
0.999498
0.999498
0.999498
0.999498
0.999498
0.999498
0.999498
0.999498
0.999498
0.999498
0.999498
0.999498
0.999499
0.999499
0.999499
0.999499
0.999499
0.999499
0.999499
0.999499
0.999499
0.999499
0.999499
0.999499
0.999499
0.999499
0.999499
0.999499
0.999499
  0.9995
  0.9995
  0.9995
  0.9995
  0.9995
  0.9995
  0.9995
  0.9995
  0.9995
  0.9995
  0.9995
  0.9995
  0.9995
  0.9995
  0.9995
  0.9995
0.999501
0.999501
0.999501
0.999501
0.999501
0.999501
0.999501
0.999501
0.999501
0.999501
0.999501
0.999501
0.999501
0.999501
0.999501
0.999501
0.999501
0.999502
0.999502
0.999502
0.999502
0.999502
0.999502
0.999502
0.999502
0.999502
0.999502
0.999502
0.999502
0.999502
0.999502
0.999502
0.999502
0.999502
0.999503
0.999503
0.999503
0.999503
0.999503
0.999503
0.999503
0.999503
0.999503
0.999503
0.999503
0.999503
0.999503
0.999503
0.999503
0.999503
0.999503
0.999504
0.999504
0.999504
0.999504
0.999504
0.999504
0.999504
0.999504
0.999504
0.999504
0.999504
0.999504
0.999504
0.999504
0.999504
0.999504
0.999505
0.999505
0.999505
0.999505
0.999505
0.999505
0.999505
0.999505
0.999505
0.999505
0.999505
0.999505
0.999505
0.999505
0.999505
0.999505
0.999505
0.999506
0.999506
0.999506
0.999506
0.999506
0.999506
0.999506
0.999506
0.999506
0.999506
0.999506
0.999506
0.999506
0.999506
0.999506
0.999506
0.999506
0.999507
0.999507
0.999507
0.999507
0.999507
0.999507
0.999507
0.999507
0.999507
0.999507
0.999507
0.999507
0.999507
0.999507
0.999507
0.999507
0.999507
0.999508
0.999508
0.999508
0.999508
0.999508
0.999508
0.999508
0.999508
0.999508
0.999508
0.999508
0.999508
0.999508
0.999508
0.999508
0.999508
0.999509
0.999509
0.999509
0.999509
0.999509
0.999509
0.999509
0.999509
0.999509
0.999509
0.999509
0.999509
0.999509
0.999509
0.999509
0.999509
0.999509
 0.99951
 0.99951
 0.99951
 0.99951
 0.99951
 0.99951
 0.99951
 0.99951
 0.99951
 0.99951
 0.99951
 0.99951
 0.99951
 0.99951
 0.99951
 0.99951
 0.99951
0.999511
0.999511
0.999511
0.999511
0.999511
0.999511
0.999511
0.999511
0.999511
0.999511
0.999511
0.999511
0.999511
0.999511
0.999511
0.999511
0.999511
0.999512
0.999512
0.999512
0.999512
0.999512
0.999512
0.999512
0.999512
0.999512
0.999512
0.999512
0.999512
0.999512
0.999512
0.999512
0.999512
0.999512
0.999513
0.999513
0.999513
0.999513
0.999513
0.999513
0.999513
0.999513
0.999513
0.999513
0.999513
0.999513
0.999513
0.999513
0.999513
0.999513
0.999514
0.999514
0.999514
0.999514
0.999514
0.999514
0.999514
0.999514
0.999514
0.999514
0.999514
0.999514
0.999514
0.999514
0.999514
0.999514
0.999514
0.999515
0.999515
0.999515
0.999515
0.999515
0.999515
0.999515
0.999515
0.999515
0.999515
0.999515
0.999515
0.999515
0.999515
0.999515
0.999515
0.999515
0.999516
0.999516
0.999516
0.999516
0.999516
0.999516
0.999516
0.999516
0.999516
0.999516
0.999516
0.999516
0.999516
0.999516
0.999516
0.999516
0.999516
0.999517
0.999517
0.999517
0.999517
0.999517
0.999517
0.999517
0.999517
0.999517
0.999517
0.999517
0.999517
0.999517
0.999517
0.999517
0.999517
0.999518
0.999518
0.999518
0.999518
0.999518
0.999518
0.999518
0.999518
0.999518
0.999518
0.999518
0.999518
0.999518
0.999518
0.999518
0.999518
0.999518
0.999519
0.999519
0.999519
0.999519
0.999519
0.999519
0.999519
0.999519
0.999519
0.999519
0.999519
0.999519
0.999519
0.999519
0.999519
0.999519
0.999519
 0.99952
 0.99952
 0.99952
 0.99952
 0.99952
 0.99952
 0.99952
 0.99952
 0.99952
 0.99952
 0.99952
 0.99952
 0.99952
 0.99952
 0.99952
 0.99952
 0.99952
0.999521
0.999521
0.999521
0.999521
0.999521
0.999521
0.999521
0.999521
0.999521
0.999521
0.999521
0.999521
0.999521
0.999521
0.999521
0.999521
0.999521
0.999522
0.999522
0.999522
0.999522
0.999522
0.999522
0.999522
0.999522
0.999522
0.999522
0.999522
0.999522
0.999522
0.999522
0.999522
0.999522
0.999523
0.999523
0.999523
0.999523
0.999523
0.999523
0.999523
0.999523
0.999523
0.999523
0.999523
0.999523
0.999523
0.999523
0.999523
0.999523
0.999523
0.999524
0.999524
0.999524
0.999524
0.999524
0.999524
0.999524
0.999524
0.999524
0.999524
0.999524
0.999524
0.999524
0.999524
0.999524
0.999524
0.999524
0.999525
0.999525
0.999525
0.999525
0.999525
0.999525
0.999525
0.999525
0.999525
0.999525
0.999525
0.999525
0.999525
0.999525
0.999525
0.999525
0.999525
0.999526
0.999526
0.999526
0.999526
0.999526
0.999526
0.999526
0.999526
0.999526
0.999526
0.999526
0.999526
0.999526
0.999526
0.999526
0.999526
0.999527
0.999527
0.999527
0.999527
0.999527
0.999527
0.999527
0.999527
0.999527
0.999527
0.999527
0.999527
0.999527
0.999527
0.999527
0.999527
0.999527
0.999528
0.999528
0.999528
0.999528
0.999528
0.999528
0.999528
0.999528
0.999528
0.999528
0.999528
0.999528
0.999528
0.999528
0.999528
0.999528
0.999528
0.999529
0.999529
0.999529
0.999529
0.999529
0.999529
0.999529
0.999529
0.999529
0.999529
0.999529
0.999529
0.999529
0.999529
0.999529
0.999529
0.999529
 0.99953
 0.99953
 0.99953
 0.99953
 0.99953
 0.99953
 0.99953
 0.99953
 0.99953
 0.99953
 0.99953
 0.99953
 0.99953
 0.99953
 0.99953
 0.99953
 0.99953
0.999531
0.999531
0.999531
0.999531
0.999531
0.999531
0.999531
0.999531
0.999531
0.999531
0.999531
0.999531
0.999531
0.999531
0.999531
0.999531
0.999532
0.999532
0.999532
0.999532
0.999532
0.999532
0.999532
0.999532
0.999532
0.999532
0.999532
0.999532
0.999532
0.999532
0.999532
0.999532
0.999532
0.999533
0.999533
0.999533
0.999533
0.999533
0.999533
0.999533
0.999533
0.999533
0.999533
0.999533
0.999533
0.999533
0.999533
0.999533
0.999533
0.999533
0.999534
0.999534
0.999534
0.999534
0.999534
0.999534
0.999534
0.999534
0.999534
0.999534
0.999534
0.999534
0.999534
0.999534
0.999534
0.999534
0.999534
0.999535
0.999535
0.999535
0.999535
0.999535
0.999535
0.999535
0.999535
0.999535
0.999535
0.999535
0.999535
0.999535
0.999535
0.999535
0.999535
0.999536
0.999536
0.999536
0.999536
0.999536
0.999536
0.999536
0.999536
0.999536
0.999536
0.999536
0.999536
0.999536
0.999536
0.999536
0.999536
0.999536
0.999537
0.999537
0.999537
0.999537
0.999537
0.999537
0.999537
0.999537
0.999537
0.999537
0.999537
0.999537
0.999537
0.999537
0.999537
0.999537
0.999537
0.999538
0.999538
0.999538
0.999538
0.999538
0.999538
0.999538
0.999538
0.999538
0.999538
0.999538
0.999538
0.999538
0.999538
0.999538
0.999538
0.999538
0.999539
0.999539
0.999539
0.999539
0.999539
0.999539
0.999539
0.999539
0.999539
0.999539
0.999539
0.999539
0.999539
0.999539
0.999539
0.999539
0.999539
 0.99954
 0.99954
 0.99954
 0.99954
 0.99954
 0.99954
 0.99954
 0.99954
 0.99954
 0.99954
 0.99954
 0.99954
 0.99954
 0.99954
 0.99954
 0.99954
0.999541
0.999541
0.999541
0.999541
0.999541
0.999541
0.999541
0.999541
0.999541
0.999541
0.999541
0.999541
0.999541
0.999541
0.999541
0.999541
0.999541
0.999542
0.999542
0.999542
0.999542
0.999542
0.999542
0.999542
0.999542
0.999542
0.999542
0.999542
0.999542
0.999542
0.999542
0.999542
0.999542
0.999542
0.999543
0.999543
0.999543
0.999543
0.999543
0.999543
0.999543
0.999543
0.999543
0.999543
0.999543
0.999543
0.999543
0.999543
0.999543
0.999543
0.999543
0.999544
0.999544
0.999544
0.999544
0.999544
0.999544
0.999544
0.999544
0.999544
0.999544
0.999544
0.999544
0.999544
0.999544
0.999544
0.999544
0.999545
0.999545
0.999545
0.999545
0.999545
0.999545
0.999545
0.999545
0.999545
0.999545
0.999545
0.999545
0.999545
0.999545
0.999545
0.999545
0.999545
0.999546
0.999546
0.999546
0.999546
0.999546
0.999546
0.999546
0.999546
0.999546
0.999546
0.999546
0.999546
0.999546
0.999546
0.999546
0.999546
0.999546
0.999547
0.999547
0.999547
0.999547
0.999547
0.999547
0.999547
0.999547
0.999547
0.999547
0.999547
0.999547
0.999547
0.999547
0.999547
0.999547
0.999547
0.999548
0.999548
0.999548
0.999548
0.999548
0.999548
0.999548
0.999548
0.999548
0.999548
0.999548
0.999548
0.999548
0.999548
0.999548
0.999548
0.999548
0.999549
0.999549
0.999549
0.999549
0.999549
0.999549
0.999549
0.999549
0.999549
0.999549
0.999549
0.999549
0.999549
0.999549
0.999549
0.999549
 0.99955
 0.99955
 0.99955
 0.99955
 0.99955
 0.99955
 0.99955
 0.99955
 0.99955
 0.99955
 0.99955
 0.99955
 0.99955
 0.99955
 0.99955
 0.99955
 0.99955
0.999551
0.999551
0.999551
0.999551
0.999551
0.999551
0.999551
0.999551
0.999551
0.999551
0.999551
0.999551
0.999551
0.999551
0.999551
0.999551
0.999551
0.999552
0.999552
0.999552
0.999552
0.999552
0.999552
0.999552
0.999552
0.999552
0.999552
0.999552
0.999552
0.999552
0.999552
0.999552
0.999552
0.999552
0.999553
0.999553
0.999553
0.999553
0.999553
0.999553
0.999553
0.999553
0.999553
0.999553
0.999553
0.999553
0.999553
0.999553
0.999553
0.999553
0.999554
0.999554
0.999554
0.999554
0.999554
0.999554
0.999554
0.999554
0.999554
0.999554
0.999554
0.999554
0.999554
0.999554
0.999554
0.999554
0.999554
0.999555
0.999555
0.999555
0.999555
0.999555
0.999555
0.999555
0.999555
0.999555
0.999555
0.999555
0.999555
0.999555
0.999555
0.999555
0.999555
0.999555
0.999556
0.999556
0.999556
0.999556
0.999556
0.999556
0.999556
0.999556
0.999556
0.999556
0.999556
0.999556
0.999556
0.999556
0.999556
0.999556
0.999556
0.999557
0.999557
0.999557
0.999557
0.999557
0.999557
0.999557
0.999557
0.999557
0.999557
0.999557
0.999557
0.999557
0.999557
0.999557
0.999557
0.999557
0.999558
0.999558
0.999558
0.999558
0.999558
0.999558
0.999558
0.999558
0.999558
0.999558
0.999558
0.999558
0.999558
0.999558
0.999558
0.999558
0.999559
0.999559
0.999559
0.999559
0.999559
0.999559
0.999559
0.999559
0.999559
0.999559
0.999559
0.999559
0.999559
0.999559
0.999559
0.999559
0.999559
 0.99956
 0.99956
 0.99956
 0.99956
 0.99956
 0.99956
 0.99956
 0.99956
 0.99956
 0.99956
 0.99956
 0.99956
 0.99956
 0.99956
 0.99956
 0.99956
 0.99956
0.999561
0.999561
0.999561
0.999561
0.999561
0.999561
0.999561
0.999561
0.999561
0.999561
0.999561
0.999561
0.999561
0.999561
0.999561
0.999561
0.999561
0.999562
0.999562
0.999562
0.999562
0.999562
0.999562
0.999562
0.999562
0.999562
0.999562
0.999562
0.999562
0.999562
0.999562
0.999562
0.999562
0.999563
0.999563
0.999563
0.999563
0.999563
0.999563
0.999563
0.999563
0.999563
0.999563
0.999563
0.999563
0.999563
0.999563
0.999563
0.999563
0.999563
0.999564
0.999564
0.999564
0.999564
0.999564
0.999564
0.999564
0.999564
0.999564
0.999564
0.999564
0.999564
0.999564
0.999564
0.999564
0.999564
0.999564
0.999565
0.999565
0.999565
0.999565
0.999565
0.999565
0.999565
0.999565
0.999565
0.999565
0.999565
0.999565
0.999565
0.999565
0.999565
0.999565
0.999565
0.999566
0.999566
0.999566
0.999566
0.999566
0.999566
0.999566
0.999566
0.999566
0.999566
0.999566
0.999566
0.999566
0.999566
0.999566
0.999566
0.999566
0.999567
0.999567
0.999567
0.999567
0.999567
0.999567
0.999567
0.999567
0.999567
0.999567
0.999567
0.999567
0.999567
0.999567
0.999567
0.999567
0.999568
0.999568
0.999568
0.999568
0.999568
0.999568
0.999568
0.999568
0.999568
0.999568
0.999568
0.999568
0.999568
0.999568
0.999568
0.999568
0.999568
0.999569
0.999569
0.999569
0.999569
0.999569
0.999569
0.999569
0.999569
0.999569
0.999569
0.999569
0.999569
0.999569
0.999569
0.999569
0.999569
0.999569
 0.99957
 0.99957
 0.99957
 0.99957
 0.99957
 0.99957
 0.99957
 0.99957
 0.99957
 0.99957
 0.99957
 0.99957
 0.99957
 0.99957
 0.99957
 0.99957
 0.99957
0.999571
0.999571
0.999571
0.999571
0.999571
0.999571
0.999571
0.999571
0.999571
0.999571
0.999571
0.999571
0.999571
0.999571
0.999571
0.999571
0.999572
0.999572
0.999572
0.999572
0.999572
0.999572
0.999572
0.999572
0.999572
0.999572
0.999572
0.999572
0.999572
0.999572
0.999572
0.999572
0.999572
0.999573
0.999573
0.999573
0.999573
0.999573
0.999573
0.999573
0.999573
0.999573
0.999573
0.999573
0.999573
0.999573
0.999573
0.999573
0.999573
0.999573
0.999574
0.999574
0.999574
0.999574
0.999574
0.999574
0.999574
0.999574
0.999574
0.999574
0.999574
0.999574
0.999574
0.999574
0.999574
0.999574
0.999574
0.999575
0.999575
0.999575
0.999575
0.999575
0.999575
0.999575
0.999575
0.999575
0.999575
0.999575
0.999575
0.999575
0.999575
0.999575
0.999575
0.999575
0.999576
0.999576
0.999576
0.999576
0.999576
0.999576
0.999576
0.999576
0.999576
0.999576
0.999576
0.999576
0.999576
0.999576
0.999576
0.999576
0.999577
0.999577
0.999577
0.999577
0.999577
0.999577
0.999577
0.999577
0.999577
0.999577
0.999577
0.999577
0.999577
0.999577
0.999577
0.999577
0.999577
0.999578
0.999578
0.999578
0.999578
0.999578
0.999578
0.999578
0.999578
0.999578
0.999578
0.999578
0.999578
0.999578
0.999578
0.999578
0.999578
0.999578
0.999579
0.999579
0.999579
0.999579
0.999579
0.999579
0.999579
0.999579
0.999579
0.999579
0.999579
0.999579
0.999579
0.999579
0.999579
0.999579
0.999579
 0.99958
 0.99958
 0.99958
 0.99958
 0.99958
 0.99958
 0.99958
 0.99958
 0.99958
 0.99958
 0.99958
 0.99958
 0.99958
 0.99958
 0.99958
 0.99958
0.999581
0.999581
0.999581
0.999581
0.999581
0.999581
0.999581
0.999581
0.999581
0.999581
0.999581
0.999581
0.999581
0.999581
0.999581
0.999581
0.999581
0.999582
0.999582
0.999582
0.999582
0.999582
0.999582
0.999582
0.999582
0.999582
0.999582
0.999582
0.999582
0.999582
0.999582
0.999582
0.999582
0.999582
0.999583
0.999583
0.999583
0.999583
0.999583
0.999583
0.999583
0.999583
0.999583
0.999583
0.999583
0.999583
0.999583
0.999583
0.999583
0.999583
0.999583
0.999584
0.999584
0.999584
0.999584
0.999584
0.999584
0.999584
0.999584
0.999584
0.999584
0.999584
0.999584
0.999584
0.999584
0.999584
0.999584
0.999584
0.999585
0.999585
0.999585
0.999585
0.999585
0.999585
0.999585
0.999585
0.999585
0.999585
0.999585
0.999585
0.999585
0.999585
0.999585
0.999585
0.999586
0.999586
0.999586
0.999586
0.999586
0.999586
0.999586
0.999586
0.999586
0.999586
0.999586
0.999586
0.999586
0.999586
0.999586
0.999586
0.999586
0.999587
0.999587
0.999587
0.999587
0.999587
0.999587
0.999587
0.999587
0.999587
0.999587
0.999587
0.999587
0.999587
0.999587
0.999587
0.999587
0.999587
0.999588
0.999588
0.999588
0.999588
0.999588
0.999588
0.999588
0.999588
0.999588
0.999588
0.999588
0.999588
0.999588
0.999588
0.999588
0.999588
0.999588
0.999589
0.999589
0.999589
0.999589
0.999589
0.999589
0.999589
0.999589
0.999589
0.999589
0.999589
0.999589
0.999589
0.999589
0.999589
0.999589
 0.99959
 0.99959
 0.99959
 0.99959
 0.99959
 0.99959
 0.99959
 0.99959
 0.99959
 0.99959
 0.99959
 0.99959
 0.99959
 0.99959
 0.99959
 0.99959
 0.99959
0.999591
0.999591
0.999591
0.999591
0.999591
0.999591
0.999591
0.999591
0.999591
0.999591
0.999591
0.999591
0.999591
0.999591
0.999591
0.999591
0.999591
0.999592
0.999592
0.999592
0.999592
0.999592
0.999592
0.999592
0.999592
0.999592
0.999592
0.999592
0.999592
0.999592
0.999592
0.999592
0.999592
0.999592
0.999593
0.999593
0.999593
0.999593
0.999593
0.999593
0.999593
0.999593
0.999593
0.999593
0.999593
0.999593
0.999593
0.999593
0.999593
0.999593
0.999593
0.999594
0.999594
0.999594
0.999594
0.999594
0.999594
0.999594
0.999594
0.999594
0.999594
0.999594
0.999594
0.999594
0.999594
0.999594
0.999594
0.999595
0.999595
0.999595
0.999595
0.999595
0.999595
0.999595
0.999595
0.999595
0.999595
0.999595
0.999595
0.999595
0.999595
0.999595
0.999595
0.999595
0.999596
0.999596
0.999596
0.999596
0.999596
0.999596
0.999596
0.999596
0.999596
0.999596
0.999596
0.999596
0.999596
0.999596
0.999596
0.999596
0.999596
0.999597
0.999597
0.999597
0.999597
0.999597
0.999597
0.999597
0.999597
0.999597
0.999597
0.999597
0.999597
0.999597
0.999597
0.999597
0.999597
0.999597
0.999598
0.999598
0.999598
0.999598
0.999598
0.999598
0.999598
0.999598
0.999598
0.999598
0.999598
0.999598
0.999598
0.999598
0.999598
0.999598
0.999599
0.999599
0.999599
0.999599
0.999599
0.999599
0.999599
0.999599
0.999599
0.999599
0.999599
0.999599
0.999599
0.999599
0.999599
0.999599
0.999599
  0.9996
  0.9996
  0.9996
  0.9996
  0.9996
  0.9996
  0.9996
  0.9996
  0.9996
  0.9996
  0.9996
  0.9996
  0.9996
  0.9996
  0.9996
  0.9996
  0.9996
0.999601
0.999601
0.999601
0.999601
0.999601
0.999601
0.999601
0.999601
0.999601
0.999601
0.999601
0.999601
0.999601
0.999601
0.999601
0.999601
0.999601
0.999602
0.999602
0.999602
0.999602
0.999602
0.999602
0.999602
0.999602
0.999602
0.999602
0.999602
0.999602
0.999602
0.999602
0.999602
0.999602
0.999602
0.999603
0.999603
0.999603
0.999603
0.999603
0.999603
0.999603
0.999603
0.999603
0.999603
0.999603
0.999603
0.999603
0.999603
0.999603
0.999603
0.999604
0.999604
0.999604
0.999604
0.999604
0.999604
0.999604
0.999604
0.999604
0.999604
0.999604
0.999604
0.999604
0.999604
0.999604
0.999604
0.999604
0.999605
0.999605
0.999605
0.999605
0.999605
0.999605
0.999605
0.999605
0.999605
0.999605
0.999605
0.999605
0.999605
0.999605
0.999605
0.999605
0.999605
0.999606
0.999606
0.999606
0.999606
0.999606
0.999606
0.999606
0.999606
0.999606
0.999606
0.999606
0.999606
0.999606
0.999606
0.999606
0.999606
0.999606
0.999607
0.999607
0.999607
0.999607
0.999607
0.999607
0.999607
0.999607
0.999607
0.999607
0.999607
0.999607
0.999607
0.999607
0.999607
0.999607
0.999608
0.999608
0.999608
0.999608
0.999608
0.999608
0.999608
0.999608
0.999608
0.999608
0.999608
0.999608
0.999608
0.999608
0.999608
0.999608
0.999608
0.999609
0.999609
0.999609
0.999609
0.999609
0.999609
0.999609
0.999609
0.999609
0.999609
0.999609
0.999609
0.999609
0.999609
0.999609
0.999609
0.999609
 0.99961
 0.99961
 0.99961
 0.99961
 0.99961
 0.99961
 0.99961
 0.99961
 0.99961
 0.99961
 0.99961
 0.99961
 0.99961
 0.99961
 0.99961
 0.99961
 0.99961
0.999611
0.999611
0.999611
0.999611
0.999611
0.999611
0.999611
0.999611
0.999611
0.999611
0.999611
0.999611
0.999611
0.999611
0.999611
0.999611
0.999611
0.999612
0.999612
0.999612
0.999612
0.999612
0.999612
0.999612
0.999612
0.999612
0.999612
0.999612
0.999612
0.999612
0.999612
0.999612
0.999612
0.999613
0.999613
0.999613
0.999613
0.999613
0.999613
0.999613
0.999613
0.999613
0.999613
0.999613
0.999613
0.999613
0.999613
0.999613
0.999613
0.999613
0.999614
0.999614
0.999614
0.999614
0.999614
0.999614
0.999614
0.999614
0.999614
0.999614
0.999614
0.999614
0.999614
0.999614
0.999614
0.999614
0.999614
0.999615
0.999615
0.999615
0.999615
0.999615
0.999615
0.999615
0.999615
0.999615
0.999615
0.999615
0.999615
0.999615
0.999615
0.999615
0.999615
0.999615
0.999616
0.999616
0.999616
0.999616
0.999616
0.999616
0.999616
0.999616
0.999616
0.999616
0.999616
0.999616
0.999616
0.999616
0.999616
0.999616
0.999617
0.999617
0.999617
0.999617
0.999617
0.999617
0.999617
0.999617
0.999617
0.999617
0.999617
0.999617
0.999617
0.999617
0.999617
0.999617
0.999617
0.999618
0.999618
0.999618
0.999618
0.999618
0.999618
0.999618
0.999618
0.999618
0.999618
0.999618
0.999618
0.999618
0.999618
0.999618
0.999618
0.999618
0.999619
0.999619
0.999619
0.999619
0.999619
0.999619
0.999619
0.999619
0.999619
0.999619
0.999619
0.999619
0.999619
0.999619
0.999619
0.999619
0.999619
 0.99962
 0.99962
 0.99962
 0.99962
 0.99962
 0.99962
 0.99962
 0.99962
 0.99962
 0.99962
 0.99962
 0.99962
 0.99962
 0.99962
 0.99962
 0.99962
 0.99962
0.999621
0.999621
0.999621
0.999621
0.999621
0.999621
0.999621
0.999621
0.999621
0.999621
0.999621
0.999621
0.999621
0.999621
0.999621
0.999621
0.999622
0.999622
0.999622
0.999622
0.999622
0.999622
0.999622
0.999622
0.999622
0.999622
0.999622
0.999622
0.999622
0.999622
0.999622
0.999622
0.999622
0.999623
0.999623
0.999623
0.999623
0.999623
0.999623
0.999623
0.999623
0.999623
0.999623
0.999623
0.999623
0.999623
0.999623
0.999623
0.999623
0.999623
0.999624
0.999624
0.999624
0.999624
0.999624
0.999624
0.999624
0.999624
0.999624
0.999624
0.999624
0.999624
0.999624
0.999624
0.999624
0.999624
0.999624
0.999625
0.999625
0.999625
0.999625
0.999625
0.999625
0.999625
0.999625
0.999625
0.999625
0.999625
0.999625
0.999625
0.999625
0.999625
0.999625
0.999626
0.999626
0.999626
0.999626
0.999626
0.999626
0.999626
0.999626
0.999626
0.999626
0.999626
0.999626
0.999626
0.999626
0.999626
0.999626
0.999626
0.999627
0.999627
0.999627
0.999627
0.999627
0.999627
0.999627
0.999627
0.999627
0.999627
0.999627
0.999627
0.999627
0.999627
0.999627
0.999627
0.999627
0.999628
0.999628
0.999628
0.999628
0.999628
0.999628
0.999628
0.999628
0.999628
0.999628
0.999628
0.999628
0.999628
0.999628
0.999628
0.999628
0.999628
0.999629
0.999629
0.999629
0.999629
0.999629
0.999629
0.999629
0.999629
0.999629
0.999629
0.999629
0.999629
0.999629
0.999629
0.999629
0.999629
0.999629
 0.99963
 0.99963
 0.99963
 0.99963
 0.99963
 0.99963
 0.99963
 0.99963
 0.99963
 0.99963
 0.99963
 0.99963
 0.99963
 0.99963
 0.99963
 0.99963
0.999631
0.999631
0.999631
0.999631
0.999631
0.999631
0.999631
0.999631
0.999631
0.999631
0.999631
0.999631
0.999631
0.999631
0.999631
0.999631
0.999631
0.999632
0.999632
0.999632
0.999632
0.999632
0.999632
0.999632
0.999632
0.999632
0.999632
0.999632
0.999632
0.999632
0.999632
0.999632
0.999632
0.999632
0.999633
0.999633
0.999633
0.999633
0.999633
0.999633
0.999633
0.999633
0.999633
0.999633
0.999633
0.999633
0.999633
0.999633
0.999633
0.999633
0.999633
0.999634
0.999634
0.999634
0.999634
0.999634
0.999634
0.999634
0.999634
0.999634
0.999634
0.999634
0.999634
0.999634
0.999634
0.999634
0.999634
0.999635
0.999635
0.999635
0.999635
0.999635
0.999635
0.999635
0.999635
0.999635
0.999635
0.999635
0.999635
0.999635
0.999635
0.999635
0.999635
0.999635
0.999636
0.999636
0.999636
0.999636
0.999636
0.999636
0.999636
0.999636
0.999636
0.999636
0.999636
0.999636
0.999636
0.999636
0.999636
0.999636
0.999636
0.999637
0.999637
0.999637
0.999637
0.999637
0.999637
0.999637
0.999637
0.999637
0.999637
0.999637
0.999637
0.999637
0.999637
0.999637
0.999637
0.999637
0.999638
0.999638
0.999638
0.999638
0.999638
0.999638
0.999638
0.999638
0.999638
0.999638
0.999638
0.999638
0.999638
0.999638
0.999638
0.999638
0.999638
0.999639
0.999639
0.999639
0.999639
0.999639
0.999639
0.999639
0.999639
0.999639
0.999639
0.999639
0.999639
0.999639
0.999639
0.999639
0.999639
 0.99964
 0.99964
 0.99964
 0.99964
 0.99964
 0.99964
 0.99964
 0.99964
 0.99964
 0.99964
 0.99964
 0.99964
 0.99964
 0.99964
 0.99964
 0.99964
 0.99964
0.999641
0.999641
0.999641
0.999641
0.999641
0.999641
0.999641
0.999641
0.999641
0.999641
0.999641
0.999641
0.999641
0.999641
0.999641
0.999641
0.999641
0.999642
0.999642
0.999642
0.999642
0.999642
0.999642
0.999642
0.999642
0.999642
0.999642
0.999642
0.999642
0.999642
0.999642
0.999642
0.999642
0.999642
0.999643
0.999643
0.999643
0.999643
0.999643
0.999643
0.999643
0.999643
0.999643
0.999643
0.999643
0.999643
0.999643
0.999643
0.999643
0.999643
0.999644
0.999644
0.999644
0.999644
0.999644
0.999644
0.999644
0.999644
0.999644
0.999644
0.999644
0.999644
0.999644
0.999644
0.999644
0.999644
0.999644
0.999645
0.999645
0.999645
0.999645
0.999645
0.999645
0.999645
0.999645
0.999645
0.999645
0.999645
0.999645
0.999645
0.999645
0.999645
0.999645
0.999645
0.999646
0.999646
0.999646
0.999646
0.999646
0.999646
0.999646
0.999646
0.999646
0.999646
0.999646
0.999646
0.999646
0.999646
0.999646
0.999646
0.999646
0.999647
0.999647
0.999647
0.999647
0.999647
0.999647
0.999647
0.999647
0.999647
0.999647
0.999647
0.999647
0.999647
0.999647
0.999647
0.999647
0.999647
0.999648
0.999648
0.999648
0.999648
0.999648
0.999648
0.999648
0.999648
0.999648
0.999648
0.999648
0.999648
0.999648
0.999648
0.999648
0.999648
0.999649
0.999649
0.999649
0.999649
0.999649
0.999649
0.999649
0.999649
0.999649
0.999649
0.999649
0.999649
0.999649
0.999649
0.999649
0.999649
0.999649
 0.99965
 0.99965
 0.99965
 0.99965
 0.99965
 0.99965
 0.99965
 0.99965
 0.99965
 0.99965
 0.99965
 0.99965
 0.99965
 0.99965
 0.99965
 0.99965
 0.99965
0.999651
0.999651
0.999651
0.999651
0.999651
0.999651
0.999651
0.999651
0.999651
0.999651
0.999651
0.999651
0.999651
0.999651
0.999651
0.999651
0.999651
0.999652
0.999652
0.999652
0.999652
0.999652
0.999652
0.999652
0.999652
0.999652
0.999652
0.999652
0.999652
0.999652
0.999652
0.999652
0.999652
0.999653
0.999653
0.999653
0.999653
0.999653
0.999653
0.999653
0.999653
0.999653
0.999653
0.999653
0.999653
0.999653
0.999653
0.999653
0.999653
0.999653
0.999654
0.999654
0.999654
0.999654
0.999654
0.999654
0.999654
0.999654
0.999654
0.999654
0.999654
0.999654
0.999654
0.999654
0.999654
0.999654
0.999654
0.999655
0.999655
0.999655
0.999655
0.999655
0.999655
0.999655
0.999655
0.999655
0.999655
0.999655
0.999655
0.999655
0.999655
0.999655
0.999655
0.999655
0.999656
0.999656
0.999656
0.999656
0.999656
0.999656
0.999656
0.999656
0.999656
0.999656
0.999656
0.999656
0.999656
0.999656
0.999656
0.999656
0.999656
0.999657
0.999657
0.999657
0.999657
0.999657
0.999657
0.999657
0.999657
0.999657
0.999657
0.999657
0.999657
0.999657
0.999657
0.999657
0.999657
0.999658
0.999658
0.999658
0.999658
0.999658
0.999658
0.999658
0.999658
0.999658
0.999658
0.999658
0.999658
0.999658
0.999658
0.999658
0.999658
0.999658
0.999659
0.999659
0.999659
0.999659
0.999659
0.999659
0.999659
0.999659
0.999659
0.999659
0.999659
0.999659
0.999659
0.999659
0.999659
0.999659
0.999659
 0.99966
 0.99966
 0.99966
 0.99966
 0.99966
 0.99966
 0.99966
 0.99966
 0.99966
 0.99966
 0.99966
 0.99966
 0.99966
 0.99966
 0.99966
 0.99966
 0.99966
0.999661
0.999661
0.999661
0.999661
0.999661
0.999661
0.999661
0.999661
0.999661
0.999661
0.999661
0.999661
0.999661
0.999661
0.999661
0.999661
0.999662
0.999662
0.999662
0.999662
0.999662
0.999662
0.999662
0.999662
0.999662
0.999662
0.999662
0.999662
0.999662
0.999662
0.999662
0.999662
0.999662
0.999663
0.999663
0.999663
0.999663
0.999663
0.999663
0.999663
0.999663
0.999663
0.999663
0.999663
0.999663
0.999663
0.999663
0.999663
0.999663
0.999663
0.999664
0.999664
0.999664
0.999664
0.999664
0.999664
0.999664
0.999664
0.999664
0.999664
0.999664
0.999664
0.999664
0.999664
0.999664
0.999664
0.999664
0.999665
0.999665
0.999665
0.999665
0.999665
0.999665
0.999665
0.999665
0.999665
0.999665
0.999665
0.999665
0.999665
0.999665
0.999665
0.999665
0.999665
0.999666
0.999666
0.999666
0.999666
0.999666
0.999666
0.999666
0.999666
0.999666
0.999666
0.999666
0.999666
0.999666
0.999666
0.999666
0.999666
0.999667
0.999667
0.999667
0.999667
0.999667
0.999667
0.999667
0.999667
0.999667
0.999667
0.999667
0.999667
0.999667
0.999667
0.999667
0.999667
0.999667
0.999668
0.999668
0.999668
0.999668
0.999668
0.999668
0.999668
0.999668
0.999668
0.999668
0.999668
0.999668
0.999668
0.999668
0.999668
0.999668
0.999668
0.999669
0.999669
0.999669
0.999669
0.999669
0.999669
0.999669
0.999669
0.999669
0.999669
0.999669
0.999669
0.999669
0.999669
0.999669
0.999669
0.999669
 0.99967
 0.99967
 0.99967
 0.99967
 0.99967
 0.99967
 0.99967
 0.99967
 0.99967
 0.99967
 0.99967
 0.99967
 0.99967
 0.99967
 0.99967
 0.99967
0.999671
0.999671
0.999671
0.999671
0.999671
0.999671
0.999671
0.999671
0.999671
0.999671
0.999671
0.999671
0.999671
0.999671
0.999671
0.999671
0.999671
0.999672
0.999672
0.999672
0.999672
0.999672
0.999672
0.999672
0.999672
0.999672
0.999672
0.999672
0.999672
0.999672
0.999672
0.999672
0.999672
0.999672
0.999673
0.999673
0.999673
0.999673
0.999673
0.999673
0.999673
0.999673
0.999673
0.999673
0.999673
0.999673
0.999673
0.999673
0.999673
0.999673
0.999673
0.999674
0.999674
0.999674
0.999674
0.999674
0.999674
0.999674
0.999674
0.999674
0.999674
0.999674
0.999674
0.999674
0.999674
0.999674
0.999674
0.999674
0.999675
0.999675
0.999675
0.999675
0.999675
0.999675
0.999675
0.999675
0.999675
0.999675
0.999675
0.999675
0.999675
0.999675
0.999675
0.999675
0.999676
0.999676
0.999676
0.999676
0.999676
0.999676
0.999676
0.999676
0.999676
0.999676
0.999676
0.999676
0.999676
0.999676
0.999676
0.999676
0.999676
0.999677
0.999677
0.999677
0.999677
0.999677
0.999677
0.999677
0.999677
0.999677
0.999677
0.999677
0.999677
0.999677
0.999677
0.999677
0.999677
0.999677
0.999678
0.999678
0.999678
0.999678
0.999678
0.999678
0.999678
0.999678
0.999678
0.999678
0.999678
0.999678
0.999678
0.999678
0.999678
0.999678
0.999678
0.999679
0.999679
0.999679
0.999679
0.999679
0.999679
0.999679
0.999679
0.999679
0.999679
0.999679
0.999679
0.999679
0.999679
0.999679
0.999679
 0.99968
 0.99968
 0.99968
 0.99968
 0.99968
 0.99968
 0.99968
 0.99968
 0.99968
 0.99968
 0.99968
 0.99968
 0.99968
 0.99968
 0.99968
 0.99968
 0.99968
0.999681
0.999681
0.999681
0.999681
0.999681
0.999681
0.999681
0.999681
0.999681
0.999681
0.999681
0.999681
0.999681
0.999681
0.999681
0.999681
0.999681
0.999682
0.999682
0.999682
0.999682
0.999682
0.999682
0.999682
0.999682
0.999682
0.999682
0.999682
0.999682
0.999682
0.999682
0.999682
0.999682
0.999682
0.999683
0.999683
0.999683
0.999683
0.999683
0.999683
0.999683
0.999683
0.999683
0.999683
0.999683
0.999683
0.999683
0.999683
0.999683
0.999683
0.999683
0.999684
0.999684
0.999684
0.999684
0.999684
0.999684
0.999684
0.999684
0.999684
0.999684
0.999684
0.999684
0.999684
0.999684
0.999684
0.999684
0.999685
0.999685
0.999685
0.999685
0.999685
0.999685
0.999685
0.999685
0.999685
0.999685
0.999685
0.999685
0.999685
0.999685
0.999685
0.999685
0.999685
0.999686
0.999686
0.999686
0.999686
0.999686
0.999686
0.999686
0.999686
0.999686
0.999686
0.999686
0.999686
0.999686
0.999686
0.999686
0.999686
0.999686
0.999687
0.999687
0.999687
0.999687
0.999687
0.999687
0.999687
0.999687
0.999687
0.999687
0.999687
0.999687
0.999687
0.999687
0.999687
0.999687
0.999687
0.999688
0.999688
0.999688
0.999688
0.999688
0.999688
0.999688
0.999688
0.999688
0.999688
0.999688
0.999688
0.999688
0.999688
0.999688
0.999688
0.999689
0.999689
0.999689
0.999689
0.999689
0.999689
0.999689
0.999689
0.999689
0.999689
0.999689
0.999689
0.999689
0.999689
0.999689
0.999689
0.999689
 0.99969
 0.99969
 0.99969
 0.99969
 0.99969
 0.99969
 0.99969
 0.99969
 0.99969
 0.99969
 0.99969
 0.99969
 0.99969
 0.99969
 0.99969
 0.99969
 0.99969
0.999691
0.999691
0.999691
0.999691
0.999691
0.999691
0.999691
0.999691
0.999691
0.999691
0.999691
0.999691
0.999691
0.999691
0.999691
0.999691
0.999691
0.999692
0.999692
0.999692
0.999692
0.999692
0.999692
0.999692
0.999692
0.999692
0.999692
0.999692
0.999692
0.999692
0.999692
0.999692
0.999692
0.999692
0.999693
0.999693
0.999693
0.999693
0.999693
0.999693
0.999693
0.999693
0.999693
0.999693
0.999693
0.999693
0.999693
0.999693
0.999693
0.999693
0.999694
0.999694
0.999694
0.999694
0.999694
0.999694
0.999694
0.999694
0.999694
0.999694
0.999694
0.999694
0.999694
0.999694
0.999694
0.999694
0.999694
0.999695
0.999695
0.999695
0.999695
0.999695
0.999695
0.999695
0.999695
0.999695
0.999695
0.999695
0.999695
0.999695
0.999695
0.999695
0.999695
0.999695
0.999696
0.999696
0.999696
0.999696
0.999696
0.999696
0.999696
0.999696
0.999696
0.999696
0.999696
0.999696
0.999696
0.999696
0.999696
0.999696
0.999696
0.999697
0.999697
0.999697
0.999697
0.999697
0.999697
0.999697
0.999697
0.999697
0.999697
0.999697
0.999697
0.999697
0.999697
0.999697
0.999697
0.999698
0.999698
0.999698
0.999698
0.999698
0.999698
0.999698
0.999698
0.999698
0.999698
0.999698
0.999698
0.999698
0.999698
0.999698
0.999698
0.999698
0.999699
0.999699
0.999699
0.999699
0.999699
0.999699
0.999699
0.999699
0.999699
0.999699
0.999699
0.999699
0.999699
0.999699
0.999699
0.999699
0.999699
  0.9997
  0.9997
  0.9997
  0.9997
  0.9997
  0.9997
  0.9997
  0.9997
  0.9997
  0.9997
  0.9997
  0.9997
  0.9997
  0.9997
  0.9997
  0.9997
  0.9997
0.999701
0.999701
0.999701
0.999701
0.999701
0.999701
0.999701
0.999701
0.999701
0.999701
0.999701
0.999701
0.999701
0.999701
0.999701
0.999701
0.999701
0.999702
0.999702
0.999702
0.999702
0.999702
0.999702
0.999702
0.999702
0.999702
0.999702
0.999702
0.999702
0.999702
0.999702
0.999702
0.999702
0.999703
0.999703
0.999703
0.999703
0.999703
0.999703
0.999703
0.999703
0.999703
0.999703
0.999703
0.999703
0.999703
0.999703
0.999703
0.999703
0.999703
0.999704
0.999704
0.999704
0.999704
0.999704
0.999704
0.999704
0.999704
0.999704
0.999704
0.999704
0.999704
0.999704
0.999704
0.999704
0.999704
0.999704
0.999705
0.999705
0.999705
0.999705
0.999705
0.999705
0.999705
0.999705
0.999705
0.999705
0.999705
0.999705
0.999705
0.999705
0.999705
0.999705
0.999705
0.999706
0.999706
0.999706
0.999706
0.999706
0.999706
0.999706
0.999706
0.999706
0.999706
0.999706
0.999706
0.999706
0.999706
0.999706
0.999706
0.999707
0.999707
0.999707
0.999707
0.999707
0.999707
0.999707
0.999707
0.999707
0.999707
0.999707
0.999707
0.999707
0.999707
0.999707
0.999707
0.999707
0.999708
0.999708
0.999708
0.999708
0.999708
0.999708
0.999708
0.999708
0.999708
0.999708
0.999708
0.999708
0.999708
0.999708
0.999708
0.999708
0.999708
0.999709
0.999709
0.999709
0.999709
0.999709
0.999709
0.999709
0.999709
0.999709
0.999709
0.999709
0.999709
0.999709
0.999709
0.999709
0.999709
0.999709
 0.99971
 0.99971
 0.99971
 0.99971
 0.99971
 0.99971
 0.99971
 0.99971
 0.99971
 0.99971
 0.99971
 0.99971
 0.99971
 0.99971
 0.99971
 0.99971
0.999711
0.999711
0.999711
0.999711
0.999711
0.999711
0.999711
0.999711
0.999711
0.999711
0.999711
0.999711
0.999711
0.999711
0.999711
0.999711
0.999711
0.999712
0.999712
0.999712
0.999712
0.999712
0.999712
0.999712
0.999712
0.999712
0.999712
0.999712
0.999712
0.999712
0.999712
0.999712
0.999712
0.999712
0.999713
0.999713
0.999713
0.999713
0.999713
0.999713
0.999713
0.999713
0.999713
0.999713
0.999713
0.999713
0.999713
0.999713
0.999713
0.999713
0.999713
0.999714
0.999714
0.999714
0.999714
0.999714
0.999714
0.999714
0.999714
0.999714
0.999714
0.999714
0.999714
0.999714
0.999714
0.999714
0.999714
0.999714
0.999715
0.999715
0.999715
0.999715
0.999715
0.999715
0.999715
0.999715
0.999715
0.999715
0.999715
0.999715
0.999715
0.999715
0.999715
0.999715
0.999716
0.999716
0.999716
0.999716
0.999716
0.999716
0.999716
0.999716
0.999716
0.999716
0.999716
0.999716
0.999716
0.999716
0.999716
0.999716
0.999716
0.999717
0.999717
0.999717
0.999717
0.999717
0.999717
0.999717
0.999717
0.999717
0.999717
0.999717
0.999717
0.999717
0.999717
0.999717
0.999717
0.999717
0.999718
0.999718
0.999718
0.999718
0.999718
0.999718
0.999718
0.999718
0.999718
0.999718
0.999718
0.999718
0.999718
0.999718
0.999718
0.999718
0.999718
0.999719
0.999719
0.999719
0.999719
0.999719
0.999719
0.999719
0.999719
0.999719
0.999719
0.999719
0.999719
0.999719
0.999719
0.999719
0.999719
 0.99972
 0.99972
 0.99972
 0.99972
 0.99972
 0.99972
 0.99972
 0.99972
 0.99972
 0.99972
 0.99972
 0.99972
 0.99972
 0.99972
 0.99972
 0.99972
 0.99972
0.999721
0.999721
0.999721
0.999721
0.999721
0.999721
0.999721
0.999721
0.999721
0.999721
0.999721
0.999721
0.999721
0.999721
0.999721
0.999721
0.999721
0.999722
0.999722
0.999722
0.999722
0.999722
0.999722
0.999722
0.999722
0.999722
0.999722
0.999722
0.999722
0.999722
0.999722
0.999722
0.999722
0.999722
0.999723
0.999723
0.999723
0.999723
0.999723
0.999723
0.999723
0.999723
0.999723
0.999723
0.999723
0.999723
0.999723
0.999723
0.999723
0.999723
0.999723
0.999724
0.999724
0.999724
0.999724
0.999724
0.999724
0.999724
0.999724
0.999724
0.999724
0.999724
0.999724
0.999724
0.999724
0.999724
0.999724
0.999725
0.999725
0.999725
0.999725
0.999725
0.999725
0.999725
0.999725
0.999725
0.999725
0.999725
0.999725
0.999725
0.999725
0.999725
0.999725
0.999725
0.999726
0.999726
0.999726
0.999726
0.999726
0.999726
0.999726
0.999726
0.999726
0.999726
0.999726
0.999726
0.999726
0.999726
0.999726
0.999726
0.999726
0.999727
0.999727
0.999727
0.999727
0.999727
0.999727
0.999727
0.999727
0.999727
0.999727
0.999727
0.999727
0.999727
0.999727
0.999727
0.999727
0.999727
0.999728
0.999728
0.999728
0.999728
0.999728
0.999728
0.999728
0.999728
0.999728
0.999728
0.999728
0.999728
0.999728
0.999728
0.999728
0.999728
0.999729
0.999729
0.999729
0.999729
0.999729
0.999729
0.999729
0.999729
0.999729
0.999729
0.999729
0.999729
0.999729
0.999729
0.999729
0.999729
0.999729
 0.99973
 0.99973
 0.99973
 0.99973
 0.99973
 0.99973
 0.99973
 0.99973
 0.99973
 0.99973
 0.99973
 0.99973
 0.99973
 0.99973
 0.99973
 0.99973
 0.99973
0.999731
0.999731
0.999731
0.999731
0.999731
0.999731
0.999731
0.999731
0.999731
0.999731
0.999731
0.999731
0.999731
0.999731
0.999731
0.999731
0.999731
0.999732
0.999732
0.999732
0.999732
0.999732
0.999732
0.999732
0.999732
0.999732
0.999732
0.999732
0.999732
0.999732
0.999732
0.999732
0.999732
0.999732
0.999733
0.999733
0.999733
0.999733
0.999733
0.999733
0.999733
0.999733
0.999733
0.999733
0.999733
0.999733
0.999733
0.999733
0.999733
0.999733
0.999734
0.999734
0.999734
0.999734
0.999734
0.999734
0.999734
0.999734
0.999734
0.999734
0.999734
0.999734
0.999734
0.999734
0.999734
0.999734
0.999734
0.999735
0.999735
0.999735
0.999735
0.999735
0.999735
0.999735
0.999735
0.999735
0.999735
0.999735
0.999735
0.999735
0.999735
0.999735
0.999735
0.999735
0.999736
0.999736
0.999736
0.999736
0.999736
0.999736
0.999736
0.999736
0.999736
0.999736
0.999736
0.999736
0.999736
0.999736
0.999736
0.999736
0.999736
0.999737
0.999737
0.999737
0.999737
0.999737
0.999737
0.999737
0.999737
0.999737
0.999737
0.999737
0.999737
0.999737
0.999737
0.999737
0.999737
0.999738
0.999738
0.999738
0.999738
0.999738
0.999738
0.999738
0.999738
0.999738
0.999738
0.999738
0.999738
0.999738
0.999738
0.999738
0.999738
0.999738
0.999739
0.999739
0.999739
0.999739
0.999739
0.999739
0.999739
0.999739
0.999739
0.999739
0.999739
0.999739
0.999739
0.999739
0.999739
0.999739
0.999739
 0.99974
 0.99974
 0.99974
 0.99974
 0.99974
 0.99974
 0.99974
 0.99974
 0.99974
 0.99974
 0.99974
 0.99974
 0.99974
 0.99974
 0.99974
 0.99974
 0.99974
0.999741
0.999741
0.999741
0.999741
0.999741
0.999741
0.999741
0.999741
0.999741
0.999741
0.999741
0.999741
0.999741
0.999741
0.999741
0.999741
0.999741
0.999742
0.999742
0.999742
0.999742
0.999742
0.999742
0.999742
0.999742
0.999742
0.999742
0.999742
0.999742
0.999742
0.999742
0.999742
0.999742
0.999743
0.999743
0.999743
0.999743
0.999743
0.999743
0.999743
0.999743
0.999743
0.999743
0.999743
0.999743
0.999743
0.999743
0.999743
0.999743
0.999743
0.999744
0.999744
0.999744
0.999744
0.999744
0.999744
0.999744
0.999744
0.999744
0.999744
0.999744
0.999744
0.999744
0.999744
0.999744
0.999744
0.999744
0.999745
0.999745
0.999745
0.999745
0.999745
0.999745
0.999745
0.999745
0.999745
0.999745
0.999745
0.999745
0.999745
0.999745
0.999745
0.999745
0.999745
0.999746
0.999746
0.999746
0.999746
0.999746
0.999746
0.999746
0.999746
0.999746
0.999746
0.999746
0.999746
0.999746
0.999746
0.999746
0.999746
0.999747
0.999747
0.999747
0.999747
0.999747
0.999747
0.999747
0.999747
0.999747
0.999747
0.999747
0.999747
0.999747
0.999747
0.999747
0.999747
0.999747
0.999748
0.999748
0.999748
0.999748
0.999748
0.999748
0.999748
0.999748
0.999748
0.999748
0.999748
0.999748
0.999748
0.999748
0.999748
0.999748
0.999748
0.999749
0.999749
0.999749
0.999749
0.999749
0.999749
0.999749
0.999749
0.999749
0.999749
0.999749
0.999749
0.999749
0.999749
0.999749
0.999749
0.999749
 0.99975
 0.99975
 0.99975
 0.99975
 0.99975
 0.99975
 0.99975
 0.99975
 0.99975
 0.99975
 0.99975
 0.99975
 0.99975
 0.99975
 0.99975
 0.99975
 0.99975
0.999751
0.999751
0.999751
0.999751
0.999751
0.999751
0.999751
0.999751
0.999751
0.999751
0.999751
0.999751
0.999751
0.999751
0.999751
0.999751
0.999752
0.999752
0.999752
0.999752
0.999752
0.999752
0.999752
0.999752
0.999752
0.999752
0.999752
0.999752
0.999752
0.999752
0.999752
0.999752
0.999752
0.999753
0.999753
0.999753
0.999753
0.999753
0.999753
0.999753
0.999753
0.999753
0.999753
0.999753
0.999753
0.999753
0.999753
0.999753
0.999753
0.999753
0.999754
0.999754
0.999754
0.999754
0.999754
0.999754
0.999754
0.999754
0.999754
0.999754
0.999754
0.999754
0.999754
0.999754
0.999754
0.999754
0.999754
0.999755
0.999755
0.999755
0.999755
0.999755
0.999755
0.999755
0.999755
0.999755
0.999755
0.999755
0.999755
0.999755
0.999755
0.999755
0.999755
0.999756
0.999756
0.999756
0.999756
0.999756
0.999756
0.999756
0.999756
0.999756
0.999756
0.999756
0.999756
0.999756
0.999756
0.999756
0.999756
0.999756
0.999757
0.999757
0.999757
0.999757
0.999757
0.999757
0.999757
0.999757
0.999757
0.999757
0.999757
0.999757
0.999757
0.999757
0.999757
0.999757
0.999757
0.999758
0.999758
0.999758
0.999758
0.999758
0.999758
0.999758
0.999758
0.999758
0.999758
0.999758
0.999758
0.999758
0.999758
0.999758
0.999758
0.999758
0.999759
0.999759
0.999759
0.999759
0.999759
0.999759
0.999759
0.999759
0.999759
0.999759
0.999759
0.999759
0.999759
0.999759
0.999759
0.999759
0.999759
 0.99976
 0.99976
 0.99976
 0.99976
 0.99976
 0.99976
 0.99976
 0.99976
 0.99976
 0.99976
 0.99976
 0.99976
 0.99976
 0.99976
 0.99976
 0.99976
0.999761
0.999761
0.999761
0.999761
0.999761
0.999761
0.999761
0.999761
0.999761
0.999761
0.999761
0.999761
0.999761
0.999761
0.999761
0.999761
0.999761
0.999762
0.999762
0.999762
0.999762
0.999762
0.999762
0.999762
0.999762
0.999762
0.999762
0.999762
0.999762
0.999762
0.999762
0.999762
0.999762
0.999762
0.999763
0.999763
0.999763
0.999763
0.999763
0.999763
0.999763
0.999763
0.999763
0.999763
0.999763
0.999763
0.999763
0.999763
0.999763
0.999763
0.999763
0.999764
0.999764
0.999764
0.999764
0.999764
0.999764
0.999764
0.999764
0.999764
0.999764
0.999764
0.999764
0.999764
0.999764
0.999764
0.999764
0.999765
0.999765
0.999765
0.999765
0.999765
0.999765
0.999765
0.999765
0.999765
0.999765
0.999765
0.999765
0.999765
0.999765
0.999765
0.999765
0.999765
0.999766
0.999766
0.999766
0.999766
0.999766
0.999766
0.999766
0.999766
0.999766
0.999766
0.999766
0.999766
0.999766
0.999766
0.999766
0.999766
0.999766
0.999767
0.999767
0.999767
0.999767
0.999767
0.999767
0.999767
0.999767
0.999767
0.999767
0.999767
0.999767
0.999767
0.999767
0.999767
0.999767
0.999767
0.999768
0.999768
0.999768
0.999768
0.999768
0.999768
0.999768
0.999768
0.999768
0.999768
0.999768
0.999768
0.999768
0.999768
0.999768
0.999768
0.999768
0.999769
0.999769
0.999769
0.999769
0.999769
0.999769
0.999769
0.999769
0.999769
0.999769
0.999769
0.999769
0.999769
0.999769
0.999769
0.999769
 0.99977
 0.99977
 0.99977
 0.99977
 0.99977
 0.99977
 0.99977
 0.99977
 0.99977
 0.99977
 0.99977
 0.99977
 0.99977
 0.99977
 0.99977
 0.99977
 0.99977
0.999771
0.999771
0.999771
0.999771
0.999771
0.999771
0.999771
0.999771
0.999771
0.999771
0.999771
0.999771
0.999771
0.999771
0.999771
0.999771
0.999771
0.999772
0.999772
0.999772
0.999772
0.999772
0.999772
0.999772
0.999772
0.999772
0.999772
0.999772
0.999772
0.999772
0.999772
0.999772
0.999772
0.999772
0.999773
0.999773
0.999773
0.999773
0.999773
0.999773
0.999773
0.999773
0.999773
0.999773
0.999773
0.999773
0.999773
0.999773
0.999773
0.999773
0.999774
0.999774
0.999774
0.999774
0.999774
0.999774
0.999774
0.999774
0.999774
0.999774
0.999774
0.999774
0.999774
0.999774
0.999774
0.999774
0.999774
0.999775
0.999775
0.999775
0.999775
0.999775
0.999775
0.999775
0.999775
0.999775
0.999775
0.999775
0.999775
0.999775
0.999775
0.999775
0.999775
0.999775
0.999776
0.999776
0.999776
0.999776
0.999776
0.999776
0.999776
0.999776
0.999776
0.999776
0.999776
0.999776
0.999776
0.999776
0.999776
0.999776
0.999776
0.999777
0.999777
0.999777
0.999777
0.999777
0.999777
0.999777
0.999777
0.999777
0.999777
0.999777
0.999777
0.999777
0.999777
0.999777
0.999777
0.999777
0.999778
0.999778
0.999778
0.999778
0.999778
0.999778
0.999778
0.999778
0.999778
0.999778
0.999778
0.999778
0.999778
0.999778
0.999778
0.999778
0.999779
0.999779
0.999779
0.999779
0.999779
0.999779
0.999779
0.999779
0.999779
0.999779
0.999779
0.999779
0.999779
0.999779
0.999779
0.999779
0.999779
 0.99978
 0.99978
 0.99978
 0.99978
 0.99978
 0.99978
 0.99978
 0.99978
 0.99978
 0.99978
 0.99978
 0.99978
 0.99978
 0.99978
 0.99978
 0.99978
 0.99978
0.999781
0.999781
0.999781
0.999781
0.999781
0.999781
0.999781
0.999781
0.999781
0.999781
0.999781
0.999781
0.999781
0.999781
0.999781
0.999781
0.999781
0.999782
0.999782
0.999782
0.999782
0.999782
0.999782
0.999782
0.999782
0.999782
0.999782
0.999782
0.999782
0.999782
0.999782
0.999782
0.999782
0.999783
0.999783
0.999783
0.999783
0.999783
0.999783
0.999783
0.999783
0.999783
0.999783
0.999783
0.999783
0.999783
0.999783
0.999783
0.999783
0.999783
0.999784
0.999784
0.999784
0.999784
0.999784
0.999784
0.999784
0.999784
0.999784
0.999784
0.999784
0.999784
0.999784
0.999784
0.999784
0.999784
0.999784
0.999785
0.999785
0.999785
0.999785
0.999785
0.999785
0.999785
0.999785
0.999785
0.999785
0.999785
0.999785
0.999785
0.999785
0.999785
0.999785
0.999785
0.999786
0.999786
0.999786
0.999786
0.999786
0.999786
0.999786
0.999786
0.999786
0.999786
0.999786
0.999786
0.999786
0.999786
0.999786
0.999786
0.999786
0.999787
0.999787
0.999787
0.999787
0.999787
0.999787
0.999787
0.999787
0.999787
0.999787
0.999787
0.999787
0.999787
0.999787
0.999787
0.999787
0.999788
0.999788
0.999788
0.999788
0.999788
0.999788
0.999788
0.999788
0.999788
0.999788
0.999788
0.999788
0.999788
0.999788
0.999788
0.999788
0.999788
0.999789
0.999789
0.999789
0.999789
0.999789
0.999789
0.999789
0.999789
0.999789
0.999789
0.999789
0.999789
0.999789
0.999789
0.999789
0.999789
0.999789
 0.99979
 0.99979
 0.99979
 0.99979
 0.99979
 0.99979
 0.99979
 0.99979
 0.99979
 0.99979
 0.99979
 0.99979
 0.99979
 0.99979
 0.99979
 0.99979
 0.99979
0.999791
0.999791
0.999791
0.999791
0.999791
0.999791
0.999791
0.999791
0.999791
0.999791
0.999791
0.999791
0.999791
0.999791
0.999791
0.999791
0.999792
0.999792
0.999792
0.999792
0.999792
0.999792
0.999792
0.999792
0.999792
0.999792
0.999792
0.999792
0.999792
0.999792
0.999792
0.999792
0.999792
0.999793
0.999793
0.999793
0.999793
0.999793
0.999793
0.999793
0.999793
0.999793
0.999793
0.999793
0.999793
0.999793
0.999793
0.999793
0.999793
0.999793
0.999794
0.999794
0.999794
0.999794
0.999794
0.999794
0.999794
0.999794
0.999794
0.999794
0.999794
0.999794
0.999794
0.999794
0.999794
0.999794
0.999794
0.999795
0.999795
0.999795
0.999795
0.999795
0.999795
0.999795
0.999795
0.999795
0.999795
0.999795
0.999795
0.999795
0.999795
0.999795
0.999795
0.999795
0.999796
0.999796
0.999796
0.999796
0.999796
0.999796
0.999796
0.999796
0.999796
0.999796
0.999796
0.999796
0.999796
0.999796
0.999796
0.999796
0.999797
0.999797
0.999797
0.999797
0.999797
0.999797
0.999797
0.999797
0.999797
0.999797
0.999797
0.999797
0.999797
0.999797
0.999797
0.999797
0.999797
0.999798
0.999798
0.999798
0.999798
0.999798
0.999798
0.999798
0.999798
0.999798
0.999798
0.999798
0.999798
0.999798
0.999798
0.999798
0.999798
0.999798
0.999799
0.999799
0.999799
0.999799
0.999799
0.999799
0.999799
0.999799
0.999799
0.999799
0.999799
0.999799
0.999799
0.999799
0.999799
0.999799
0.999799
  0.9998
  0.9998
  0.9998
  0.9998
  0.9998
  0.9998
  0.9998
  0.9998
  0.9998
  0.9998
  0.9998
  0.9998
  0.9998
  0.9998
  0.9998
  0.9998
0.999801
0.999801
0.999801
0.999801
0.999801
0.999801
0.999801
0.999801
0.999801
0.999801
0.999801
0.999801
0.999801
0.999801
0.999801
0.999801
0.999801
0.999802
0.999802
0.999802
0.999802
0.999802
0.999802
0.999802
0.999802
0.999802
0.999802
0.999802
0.999802
0.999802
0.999802
0.999802
0.999802
0.999802
0.999803
0.999803
0.999803
0.999803
0.999803
0.999803
0.999803
0.999803
0.999803
0.999803
0.999803
0.999803
0.999803
0.999803
0.999803
0.999803
0.999803
0.999804
0.999804
0.999804
0.999804
0.999804
0.999804
0.999804
0.999804
0.999804
0.999804
0.999804
0.999804
0.999804
0.999804
0.999804
0.999804
0.999804
0.999805
0.999805
0.999805
0.999805
0.999805
0.999805
0.999805
0.999805
0.999805
0.999805
0.999805
0.999805
0.999805
0.999805
0.999805
0.999805
0.999806
0.999806
0.999806
0.999806
0.999806
0.999806
0.999806
0.999806
0.999806
0.999806
0.999806
0.999806
0.999806
0.999806
0.999806
0.999806
0.999806
0.999807
0.999807
0.999807
0.999807
0.999807
0.999807
0.999807
0.999807
0.999807
0.999807
0.999807
0.999807
0.999807
0.999807
0.999807
0.999807
0.999807
0.999808
0.999808
0.999808
0.999808
0.999808
0.999808
0.999808
0.999808
0.999808
0.999808
0.999808
0.999808
0.999808
0.999808
0.999808
0.999808
0.999808
0.999809
0.999809
0.999809
0.999809
0.999809
0.999809
0.999809
0.999809
0.999809
0.999809
0.999809
0.999809
0.999809
0.999809
0.999809
0.999809
 0.99981
 0.99981
 0.99981
 0.99981
 0.99981
 0.99981
 0.99981
 0.99981
 0.99981
 0.99981
 0.99981
 0.99981
 0.99981
 0.99981
 0.99981
 0.99981
 0.99981
0.999811
0.999811
0.999811
0.999811
0.999811
0.999811
0.999811
0.999811
0.999811
0.999811
0.999811
0.999811
0.999811
0.999811
0.999811
0.999811
0.999811
0.999812
0.999812
0.999812
0.999812
0.999812
0.999812
0.999812
0.999812
0.999812
0.999812
0.999812
0.999812
0.999812
0.999812
0.999812
0.999812
0.999812
0.999813
0.999813
0.999813
0.999813
0.999813
0.999813
0.999813
0.999813
0.999813
0.999813
0.999813
0.999813
0.999813
0.999813
0.999813
0.999813
0.999813
0.999814
0.999814
0.999814
0.999814
0.999814
0.999814
0.999814
0.999814
0.999814
0.999814
0.999814
0.999814
0.999814
0.999814
0.999814
0.999814
0.999815
0.999815
0.999815
0.999815
0.999815
0.999815
0.999815
0.999815
0.999815
0.999815
0.999815
0.999815
0.999815
0.999815
0.999815
0.999815
0.999815
0.999816
0.999816
0.999816
0.999816
0.999816
0.999816
0.999816
0.999816
0.999816
0.999816
0.999816
0.999816
0.999816
0.999816
0.999816
0.999816
0.999816
0.999817
0.999817
0.999817
0.999817
0.999817
0.999817
0.999817
0.999817
0.999817
0.999817
0.999817
0.999817
0.999817
0.999817
0.999817
0.999817
0.999817
0.999818
0.999818
0.999818
0.999818
0.999818
0.999818
0.999818
0.999818
0.999818
0.999818
0.999818
0.999818
0.999818
0.999818
0.999818
0.999818
0.999819
0.999819
0.999819
0.999819
0.999819
0.999819
0.999819
0.999819
0.999819
0.999819
0.999819
0.999819
0.999819
0.999819
0.999819
0.999819
0.999819
 0.99982
 0.99982
 0.99982
 0.99982
 0.99982
 0.99982
 0.99982
 0.99982
 0.99982
 0.99982
 0.99982
 0.99982
 0.99982
 0.99982
 0.99982
 0.99982
 0.99982
0.999821
0.999821
0.999821
0.999821
0.999821
0.999821
0.999821
0.999821
0.999821
0.999821
0.999821
0.999821
0.999821
0.999821
0.999821
0.999821
0.999821
0.999822
0.999822
0.999822
0.999822
0.999822
0.999822
0.999822
0.999822
0.999822
0.999822
0.999822
0.999822
0.999822
0.999822
0.999822
0.999822
0.999822
0.999823
0.999823
0.999823
0.999823
0.999823
0.999823
0.999823
0.999823
0.999823
0.999823
0.999823
0.999823
0.999823
0.999823
0.999823
0.999823
0.999824
0.999824
0.999824
0.999824
0.999824
0.999824
0.999824
0.999824
0.999824
0.999824
0.999824
0.999824
0.999824
0.999824
0.999824
0.999824
0.999824
0.999825
0.999825
0.999825
0.999825
0.999825
0.999825
0.999825
0.999825
0.999825
0.999825
0.999825
0.999825
0.999825
0.999825
0.999825
0.999825
0.999825
0.999826
0.999826
0.999826
0.999826
0.999826
0.999826
0.999826
0.999826
0.999826
0.999826
0.999826
0.999826
0.999826
0.999826
0.999826
0.999826
0.999826
0.999827
0.999827
0.999827
0.999827
0.999827
0.999827
0.999827
0.999827
0.999827
0.999827
0.999827
0.999827
0.999827
0.999827
0.999827
0.999827
0.999828
0.999828
0.999828
0.999828
0.999828
0.999828
0.999828
0.999828
0.999828
0.999828
0.999828
0.999828
0.999828
0.999828
0.999828
0.999828
0.999828
0.999829
0.999829
0.999829
0.999829
0.999829
0.999829
0.999829
0.999829
0.999829
0.999829
0.999829
0.999829
0.999829
0.999829
0.999829
0.999829
0.999829
 0.99983
 0.99983
 0.99983
 0.99983
 0.99983
 0.99983
 0.99983
 0.99983
 0.99983
 0.99983
 0.99983
 0.99983
 0.99983
 0.99983
 0.99983
 0.99983
 0.99983
0.999831
0.999831
0.999831
0.999831
0.999831
0.999831
0.999831
0.999831
0.999831
0.999831
0.999831
0.999831
0.999831
0.999831
0.999831
0.999831
0.999831
0.999832
0.999832
0.999832
0.999832
0.999832
0.999832
0.999832
0.999832
0.999832
0.999832
0.999832
0.999832
0.999832
0.999832
0.999832
0.999832
0.999833
0.999833
0.999833
0.999833
0.999833
0.999833
0.999833
0.999833
0.999833
0.999833
0.999833
0.999833
0.999833
0.999833
0.999833
0.999833
0.999833
0.999834
0.999834
0.999834
0.999834
0.999834
0.999834
0.999834
0.999834
0.999834
0.999834
0.999834
0.999834
0.999834
0.999834
0.999834
0.999834
0.999834
0.999835
0.999835
0.999835
0.999835
0.999835
0.999835
0.999835
0.999835
0.999835
0.999835
0.999835
0.999835
0.999835
0.999835
0.999835
0.999835
0.999835
0.999836
0.999836
0.999836
0.999836
0.999836
0.999836
0.999836
0.999836
0.999836
0.999836
0.999836
0.999836
0.999836
0.999836
0.999836
0.999836
0.999837
0.999837
0.999837
0.999837
0.999837
0.999837
0.999837
0.999837
0.999837
0.999837
0.999837
0.999837
0.999837
0.999837
0.999837
0.999837
0.999837
0.999838
0.999838
0.999838
0.999838
0.999838
0.999838
0.999838
0.999838
0.999838
0.999838
0.999838
0.999838
0.999838
0.999838
0.999838
0.999838
0.999838
0.999839
0.999839
0.999839
0.999839
0.999839
0.999839
0.999839
0.999839
0.999839
0.999839
0.999839
0.999839
0.999839
0.999839
0.999839
0.999839
0.999839
 0.99984
 0.99984
 0.99984
 0.99984
 0.99984
 0.99984
 0.99984
 0.99984
 0.99984
 0.99984
 0.99984
 0.99984
 0.99984
 0.99984
 0.99984
 0.99984
 0.99984
0.999841
0.999841
0.999841
0.999841
0.999841
0.999841
0.999841
0.999841
0.999841
0.999841
0.999841
0.999841
0.999841
0.999841
0.999841
0.999841
0.999842
0.999842
0.999842
0.999842
0.999842
0.999842
0.999842
0.999842
0.999842
0.999842
0.999842
0.999842
0.999842
0.999842
0.999842
0.999842
0.999842
0.999843
0.999843
0.999843
0.999843
0.999843
0.999843
0.999843
0.999843
0.999843
0.999843
0.999843
0.999843
0.999843
0.999843
0.999843
0.999843
0.999843
0.999844
0.999844
0.999844
0.999844
0.999844
0.999844
0.999844
0.999844
0.999844
0.999844
0.999844
0.999844
0.999844
0.999844
0.999844
0.999844
0.999844
0.999845
0.999845
0.999845
0.999845
0.999845
0.999845
0.999845
0.999845
0.999845
0.999845
0.999845
0.999845
0.999845
0.999845
0.999845
0.999845
0.999846
0.999846
0.999846
0.999846
0.999846
0.999846
0.999846
0.999846
0.999846
0.999846
0.999846
0.999846
0.999846
0.999846
0.999846
0.999846
0.999846
0.999847
0.999847
0.999847
0.999847
0.999847
0.999847
0.999847
0.999847
0.999847
0.999847
0.999847
0.999847
0.999847
0.999847
0.999847
0.999847
0.999847
0.999848
0.999848
0.999848
0.999848
0.999848
0.999848
0.999848
0.999848
0.999848
0.999848
0.999848
0.999848
0.999848
0.999848
0.999848
0.999848
0.999848
0.999849
0.999849
0.999849
0.999849
0.999849
0.999849
0.999849
0.999849
0.999849
0.999849
0.999849
0.999849
0.999849
0.999849
0.999849
0.999849
0.999849
 0.99985
 0.99985
 0.99985
 0.99985
 0.99985
 0.99985
 0.99985
 0.99985
 0.99985
 0.99985
 0.99985
 0.99985
 0.99985
 0.99985
 0.99985
 0.99985
0.999851
0.999851
0.999851
0.999851
0.999851
0.999851
0.999851
0.999851
0.999851
0.999851
0.999851
0.999851
0.999851
0.999851
0.999851
0.999851
0.999851
0.999852
0.999852
0.999852
0.999852
0.999852
0.999852
0.999852
0.999852
0.999852
0.999852
0.999852
0.999852
0.999852
0.999852
0.999852
0.999852
0.999852
0.999853
0.999853
0.999853
0.999853
0.999853
0.999853
0.999853
0.999853
0.999853
0.999853
0.999853
0.999853
0.999853
0.999853
0.999853
0.999853
0.999853
0.999854
0.999854
0.999854
0.999854
0.999854
0.999854
0.999854
0.999854
0.999854
0.999854
0.999854
0.999854
0.999854
0.999854
0.999854
0.999854
0.999855
0.999855
0.999855
0.999855
0.999855
0.999855
0.999855
0.999855
0.999855
0.999855
0.999855
0.999855
0.999855
0.999855
0.999855
0.999855
0.999855
0.999856
0.999856
0.999856
0.999856
0.999856
0.999856
0.999856
0.999856
0.999856
0.999856
0.999856
0.999856
0.999856
0.999856
0.999856
0.999856
0.999856
0.999857
0.999857
0.999857
0.999857
0.999857
0.999857
0.999857
0.999857
0.999857
0.999857
0.999857
0.999857
0.999857
0.999857
0.999857
0.999857
0.999857
0.999858
0.999858
0.999858
0.999858
0.999858
0.999858
0.999858
0.999858
0.999858
0.999858
0.999858
0.999858
0.999858
0.999858
0.999858
0.999858
0.999858
0.999859
0.999859
0.999859
0.999859
0.999859
0.999859
0.999859
0.999859
0.999859
0.999859
0.999859
0.999859
0.999859
0.999859
0.999859
0.999859
 0.99986
 0.99986
 0.99986
 0.99986
 0.99986
 0.99986
 0.99986
 0.99986
 0.99986
 0.99986
 0.99986
 0.99986
 0.99986
 0.99986
 0.99986
 0.99986
 0.99986
0.999861
0.999861
0.999861
0.999861
0.999861
0.999861
0.999861
0.999861
0.999861
0.999861
0.999861
0.999861
0.999861
0.999861
0.999861
0.999861
0.999861
0.999862
0.999862
0.999862
0.999862
0.999862
0.999862
0.999862
0.999862
0.999862
0.999862
0.999862
0.999862
0.999862
0.999862
0.999862
0.999862
0.999862
0.999863
0.999863
0.999863
0.999863
0.999863
0.999863
0.999863
0.999863
0.999863
0.999863
0.999863
0.999863
0.999863
0.999863
0.999863
0.999863
0.999864
0.999864
0.999864
0.999864
0.999864
0.999864
0.999864
0.999864
0.999864
0.999864
0.999864
0.999864
0.999864
0.999864
0.999864
0.999864
0.999864
0.999865
0.999865
0.999865
0.999865
0.999865
0.999865
0.999865
0.999865
0.999865
0.999865
0.999865
0.999865
0.999865
0.999865
0.999865
0.999865
0.999865
0.999866
0.999866
0.999866
0.999866
0.999866
0.999866
0.999866
0.999866
0.999866
0.999866
0.999866
0.999866
0.999866
0.999866
0.999866
0.999866
0.999866
0.999867
0.999867
0.999867
0.999867
0.999867
0.999867
0.999867
0.999867
0.999867
0.999867
0.999867
0.999867
0.999867
0.999867
0.999867
0.999867
0.999867
0.999868
0.999868
0.999868
0.999868
0.999868
0.999868
0.999868
0.999868
0.999868
0.999868
0.999868
0.999868
0.999868
0.999868
0.999868
0.999868
0.999869
0.999869
0.999869
0.999869
0.999869
0.999869
0.999869
0.999869
0.999869
0.999869
0.999869
0.999869
0.999869
0.999869
0.999869
0.999869
0.999869
 0.99987
 0.99987
 0.99987
 0.99987
 0.99987
 0.99987
 0.99987
 0.99987
 0.99987
 0.99987
 0.99987
 0.99987
 0.99987
 0.99987
 0.99987
 0.99987
 0.99987
0.999871
0.999871
0.999871
0.999871
0.999871
0.999871
0.999871
0.999871
0.999871
0.999871
0.999871
0.999871
0.999871
0.999871
0.999871
0.999871
0.999871
0.999872
0.999872
0.999872
0.999872
0.999872
0.999872
0.999872
0.999872
0.999872
0.999872
0.999872
0.999872
0.999872
0.999872
0.999872
0.999872
0.999873
0.999873
0.999873
0.999873
0.999873
0.999873
0.999873
0.999873
0.999873
0.999873
0.999873
0.999873
0.999873
0.999873
0.999873
0.999873
0.999873
0.999874
0.999874
0.999874
0.999874
0.999874
0.999874
0.999874
0.999874
0.999874
0.999874
0.999874
0.999874
0.999874
0.999874
0.999874
0.999874
0.999874
0.999875
0.999875
0.999875
0.999875
0.999875
0.999875
0.999875
0.999875
0.999875
0.999875
0.999875
0.999875
0.999875
0.999875
0.999875
0.999875
0.999875
0.999876
0.999876
0.999876
0.999876
0.999876
0.999876
0.999876
0.999876
0.999876
0.999876
0.999876
0.999876
0.999876
0.999876
0.999876
0.999876
0.999876
0.999877
0.999877
0.999877
0.999877
0.999877
0.999877
0.999877
0.999877
0.999877
0.999877
0.999877
0.999877
0.999877
0.999877
0.999877
0.999877
0.999878
0.999878
0.999878
0.999878
0.999878
0.999878
0.999878
0.999878
0.999878
0.999878
0.999878
0.999878
0.999878
0.999878
0.999878
0.999878
0.999878
0.999879
0.999879
0.999879
0.999879
0.999879
0.999879
0.999879
0.999879
0.999879
0.999879
0.999879
0.999879
0.999879
0.999879
0.999879
0.999879
0.999879
 0.99988
 0.99988
 0.99988
 0.99988
 0.99988
 0.99988
 0.99988
 0.99988
 0.99988
 0.99988
 0.99988
 0.99988
 0.99988
 0.99988
 0.99988
 0.99988
 0.99988
0.999881
0.999881
0.999881
0.999881
0.999881
0.999881
0.999881
0.999881
0.999881
0.999881
0.999881
0.999881
0.999881
0.999881
0.999881
0.999881
0.999882
0.999882
0.999882
0.999882
0.999882
0.999882
0.999882
0.999882
0.999882
0.999882
0.999882
0.999882
0.999882
0.999882
0.999882
0.999882
0.999882
0.999883
0.999883
0.999883
0.999883
0.999883
0.999883
0.999883
0.999883
0.999883
0.999883
0.999883
0.999883
0.999883
0.999883
0.999883
0.999883
0.999883
0.999884
0.999884
0.999884
0.999884
0.999884
0.999884
0.999884
0.999884
0.999884
0.999884
0.999884
0.999884
0.999884
0.999884
0.999884
0.999884
0.999884
0.999885
0.999885
0.999885
0.999885
0.999885
0.999885
0.999885
0.999885
0.999885
0.999885
0.999885
0.999885
0.999885
0.999885
0.999885
0.999885
0.999885
0.999886
0.999886
0.999886
0.999886
0.999886
0.999886
0.999886
0.999886
0.999886
0.999886
0.999886
0.999886
0.999886
0.999886
0.999886
0.999886
0.999887
0.999887
0.999887
0.999887
0.999887
0.999887
0.999887
0.999887
0.999887
0.999887
0.999887
0.999887
0.999887
0.999887
0.999887
0.999887
0.999887
0.999888
0.999888
0.999888
0.999888
0.999888
0.999888
0.999888
0.999888
0.999888
0.999888
0.999888
0.999888
0.999888
0.999888
0.999888
0.999888
0.999888
0.999889
0.999889
0.999889
0.999889
0.999889
0.999889
0.999889
0.999889
0.999889
0.999889
0.999889
0.999889
0.999889
0.999889
0.999889
0.999889
0.999889
 0.99989
 0.99989
 0.99989
 0.99989
 0.99989
 0.99989
 0.99989
 0.99989
 0.99989
 0.99989
 0.99989
 0.99989
 0.99989
 0.99989
 0.99989
 0.99989
0.999891
0.999891
0.999891
0.999891
0.999891
0.999891
0.999891
0.999891
0.999891
0.999891
0.999891
0.999891
0.999891
0.999891
0.999891
0.999891
0.999891
0.999892
0.999892
0.999892
0.999892
0.999892
0.999892
0.999892
0.999892
0.999892
0.999892
0.999892
0.999892
0.999892
0.999892
0.999892
0.999892
0.999892
0.999893
0.999893
0.999893
0.999893
0.999893
0.999893
0.999893
0.999893
0.999893
0.999893
0.999893
0.999893
0.999893
0.999893
0.999893
0.999893
0.999893
0.999894
0.999894
0.999894
0.999894
0.999894
0.999894
0.999894
0.999894
0.999894
0.999894
0.999894
0.999894
0.999894
0.999894
0.999894
0.999894
0.999894
0.999895
0.999895
0.999895
0.999895
0.999895
0.999895
0.999895
0.999895
0.999895
0.999895
0.999895
0.999895
0.999895
0.999895
0.999895
0.999895
0.999896
0.999896
0.999896
0.999896
0.999896
0.999896
0.999896
0.999896
0.999896
0.999896
0.999896
0.999896
0.999896
0.999896
0.999896
0.999896
0.999896
0.999897
0.999897
0.999897
0.999897
0.999897
0.999897
0.999897
0.999897
0.999897
0.999897
0.999897
0.999897
0.999897
0.999897
0.999897
0.999897
0.999897
0.999898
0.999898
0.999898
0.999898
0.999898
0.999898
0.999898
0.999898
0.999898
0.999898
0.999898
0.999898
0.999898
0.999898
0.999898
0.999898
0.999898
0.999899
0.999899
0.999899
0.999899
0.999899
0.999899
0.999899
0.999899
0.999899
0.999899
0.999899
0.999899
0.999899
0.999899
0.999899
0.999899
  0.9999
  0.9999
  0.9999
  0.9999
  0.9999
  0.9999
  0.9999
  0.9999
  0.9999
  0.9999
  0.9999
  0.9999
  0.9999
  0.9999
  0.9999
  0.9999
  0.9999
0.999901
0.999901
0.999901
0.999901
0.999901
0.999901
0.999901
0.999901
0.999901
0.999901
0.999901
0.999901
0.999901
0.999901
0.999901
0.999901
0.999901
0.999902
0.999902
0.999902
0.999902
0.999902
0.999902
0.999902
0.999902
0.999902
0.999902
0.999902
0.999902
0.999902
0.999902
0.999902
0.999902
0.999902
0.999903
0.999903
0.999903
0.999903
0.999903
0.999903
0.999903
0.999903
0.999903
0.999903
0.999903
0.999903
0.999903
0.999903
0.999903
0.999903
0.999904
0.999904
0.999904
0.999904
0.999904
0.999904
0.999904
0.999904
0.999904
0.999904
0.999904
0.999904
0.999904
0.999904
0.999904
0.999904
0.999904
0.999905
0.999905
0.999905
0.999905
0.999905
0.999905
0.999905
0.999905
0.999905
0.999905
0.999905
0.999905
0.999905
0.999905
0.999905
0.999905
0.999905
0.999906
0.999906
0.999906
0.999906
0.999906
0.999906
0.999906
0.999906
0.999906
0.999906
0.999906
0.999906
0.999906
0.999906
0.999906
0.999906
0.999906
0.999907
0.999907
0.999907
0.999907
0.999907
0.999907
0.999907
0.999907
0.999907
0.999907
0.999907
0.999907
0.999907
0.999907
0.999907
0.999907
0.999907
0.999908
0.999908
0.999908
0.999908
0.999908
0.999908
0.999908
0.999908
0.999908
0.999908
0.999908
0.999908
0.999908
0.999908
0.999908
0.999908
0.999909
0.999909
0.999909
0.999909
0.999909
0.999909
0.999909
0.999909
0.999909
0.999909
0.999909
0.999909
0.999909
0.999909
0.999909
0.999909
0.999909
 0.99991
 0.99991
 0.99991
 0.99991
 0.99991
 0.99991
 0.99991
 0.99991
 0.99991
 0.99991
 0.99991
 0.99991
 0.99991
 0.99991
 0.99991
 0.99991
 0.99991
0.999911
0.999911
0.999911
0.999911
0.999911
0.999911
0.999911
0.999911
0.999911
0.999911
0.999911
0.999911
0.999911
0.999911
0.999911
0.999911
0.999911
0.999912
0.999912
0.999912
0.999912
0.999912
0.999912
0.999912
0.999912
0.999912
0.999912
0.999912
0.999912
0.999912
0.999912
0.999912
0.999912
0.999913
0.999913
0.999913
0.999913
0.999913
0.999913
0.999913
0.999913
0.999913
0.999913
0.999913
0.999913
0.999913
0.999913
0.999913
0.999913
0.999913
0.999914
0.999914
0.999914
0.999914
0.999914
0.999914
0.999914
0.999914
0.999914
0.999914
0.999914
0.999914
0.999914
0.999914
0.999914
0.999914
0.999914
0.999915
0.999915
0.999915
0.999915
0.999915
0.999915
0.999915
0.999915
0.999915
0.999915
0.999915
0.999915
0.999915
0.999915
0.999915
0.999915
0.999915
0.999916
0.999916
0.999916
0.999916
0.999916
0.999916
0.999916
0.999916
0.999916
0.999916
0.999916
0.999916
0.999916
0.999916
0.999916
0.999916
0.999916
0.999917
0.999917
0.999917
0.999917
0.999917
0.999917
0.999917
0.999917
0.999917
0.999917
0.999917
0.999917
0.999917
0.999917
0.999917
0.999917
0.999918
0.999918
0.999918
0.999918
0.999918
0.999918
0.999918
0.999918
0.999918
0.999918
0.999918
0.999918
0.999918
0.999918
0.999918
0.999918
0.999918
0.999919
0.999919
0.999919
0.999919
0.999919
0.999919
0.999919
0.999919
0.999919
0.999919
0.999919
0.999919
0.999919
0.999919
0.999919
0.999919
0.999919
0.999919
0.999919
0.999919
0.999919
0.999919
0.999919
0.999919
0.999919
0.999919
0.999919
0.999919
0.999919
0.999919
0.999919
0.999919
0.999919
0.999919
0.999919
0.999919
0.999919
0.999919
0.999919
0.999919
0.999919
0.999919
0.999919
0.999919
0.999919
0.999919
0.999919
0.999919
0.999919
0.999919
0.999919
0.999919
0.999919
0.999919
0.999919
0.999919
0.999919
0.999919
0.999919
0.999919
0.999919
0.999919
0.999919
0.999919
0.999919
0.999919
0.999919
0.999919
0.999919
0.999919
0.999919
0.999919
0.999919
0.999919
0.999919
0.999919
0.999919
0.999919
0.999919
0.999919
0.999919
0.999919
0.999919
0.999919
0.999919
0.999919
0.999919
0.999919
0.999919
0.999919
0.999919
0.999919
0.999919
0.999919
0.999919
0.999919
0.999919
0.999919
0.999919
0.999919
0.999919
0.999919
0.999919
0.999919
0.999919
0.999919
0.999919
0.999919
0.999919
0.999919
0.999919
0.999919
0.999919
0.999919
0.999919
0.999919
0.999919
0.999919
0.999919
0.999919
0.999919
0.999919
0.999919
0.999919
0.999919
0.999919
0.999919
0.999919
0.999919
0.999919
0.999919
0.999919
0.999919
0.999919
0.999919
0.999919
0.999919
0.999919
0.999919
0.999919
0.999919
0.999919
0.999919
0.999919
0.999919
0.999919
0.999919
0.999919
0.999919
0.999919
0.999919
0.999919
0.999919
0.999919
0.999919
0.999919
0.999919
0.999919
0.999919
0.999919
0.999919
0.999919
0.999919
0.999919
0.999919
0.999919
0.999919
0.999919
0.999919
0.999919
0.999919
0.999919
0.999919
0.999919
0.999919
0.999919
0.999919
0.999919
0.999919
0.999919
0.999919
0.999919
0.999919
0.999919
0.999919
0.999919
0.999919
0.999919
0.999919
0.999919
0.999919
0.999919
0.999919
0.999919
0.999919
0.999919
0.999919
0.999919
0.999919
0.999919
0.999919
0.999919
0.999919
0.999919
0.999919
0.999919
0.999919
0.999919
0.999919
0.999919
0.999919
0.999919
0.999919
0.999919
0.999919
0.999919
0.999919
0.999919
0.999919
0.999919
0.999919
0.999919
0.999919
0.999919
0.999919
0.999919
0.999919
0.999919
0.999919
0.999919
0.999919
0.999919
0.999919
0.999919
0.999919
0.999919
0.999919
0.999919
0.999919
0.999919
0.999919
0.999919
0.999919
0.999919
0.999919
0.999919
0.999919
0.999919
0.999919
0.999919
0.999919
0.999919
0.999919
0.999919
0.999919
0.999919
0.999919
0.999919
0.999919
0.999919
0.999919
0.999919
0.999919
0.999919
0.999919
0.999919
0.999919
0.999919
0.999919
0.999919
0.999919
0.999919
0.999919
0.999919
0.999919
0.999919
0.999919
0.999919
0.999919
0.999919
0.999919
0.999919
0.999919
0.999919
0.999919
0.999919
0.999919
0.999919
0.999919
0.999919
0.999919
0.999919
0.999919
0.999919
0.999919
0.999919
0.999919
0.999919
0.999919
0.999919
0.999919
0.999919
0.999919
0.999919
0.999919
0.999919
0.999919
0.999919
0.999919
0.999919
0.999919
0.999919
0.999919
0.999919
0.999919
0.999919
0.999919
0.999919
0.999919
0.999919
0.999919
0.999919
0.999919
0.999919
0.999919
0.999919
0.999919
0.999919
0.999919
0.999919
0.999919
0.999919
0.999919
0.999919
0.999919
0.999919
0.999919
0.999919
0.999919
0.999919
0.999919
0.999919
0.999919
0.999919
0.999919
0.999919
0.999919
0.999919
0.999919
0.999919
0.999919
0.999919
0.999919
0.999919
0.999919
0.999919
0.999919
0.999919
0.999919
0.999919
0.999919
0.999919
0.999919
0.999919
0.999919
0.999919
0.999919
0.999919
0.999919
0.999919
0.999919
0.999919
0.999919
0.999919
0.999919
0.999919
0.999919
0.999919
0.999919
0.999919
0.999919
0.999919
0.999919
0.999919
0.999919
0.999919
0.999919
0.999919
0.999919
0.999919
0.999919
0.999919
0.999919
0.999919
0.999919
0.999919
0.999919
0.999919
0.999919
0.999919
0.999919
0.999919
0.999919
0.999919
0.999919
0.999919
0.999919
0.999919
0.999919
0.999919
0.999919
0.999919
0.999919
0.999919
0.999919
0.999919
0.999919
0.999919
0.999919
0.999919
0.999919
0.999919
0.999919
0.999919
0.999919
0.999919
0.999919
0.999919
0.999919
0.999919
0.999919
0.999919
0.999919
0.999919
0.999919
0.999919
0.999919
0.999919
0.999919
0.999919
0.999919
0.999919
0.999919
0.999919
0.999919
0.999919
0.999919
0.999919
0.999919
0.999919
0.999919
0.999919
0.999919
0.999919
0.999919
0.999919
0.999919
0.999919
0.999919
0.999919
0.999919
0.999919
0.999919
0.999919
0.999919
0.999919
0.999919
0.999919
0.999919
0.999919
0.999919
0.999919
0.999919
0.999919
0.999919
0.999919
0.999919
0.999919
0.999919
0.999919
0.999919
0.999919
0.999919
0.999919
0.999919
0.999919
0.999919
0.999919
0.999919
0.999919
0.999919
0.999919
0.999919
0.999919
0.999919
0.999919
0.999919
0.999919
0.999919
0.999919
0.999919
0.999919
0.999919
0.999919
0.999919
0.999919
0.999919
0.999919
0.999919
0.999919
0.999919
0.999919
0.999919
0.999919
0.999919
0.999919
0.999919
0.999919
0.999919
0.999919
0.999919
0.999919
0.999919
0.999919
0.999919
0.999919
0.999919
0.999919
0.999919
0.999919
0.999919
0.999919
0.999919
0.999919
0.999919
0.999919
0.999919
0.999919
0.999919
0.999919
0.999919
0.999919
0.999919
0.999919
0.999919
0.999919
0.999919
0.999919
0.999919
0.999919
0.999919
0.999919
0.999919
0.999919
0.999919
0.999919
0.999919
0.999919
0.999919
0.999919
0.999919
0.999919
0.999919
0.999919
0.999919
0.999919
0.999919
0.999919
0.999919
0.999919
0.999919
0.999919
0.999919
0.999919
0.999919
0.999919
0.999919
0.999919
0.999919
0.999919
0.999919
0.999919
0.999919
0.999919
0.999919
0.999919
0.999919
0.999919
0.999919
0.999919
0.999919
0.999919
0.999919
0.999919
0.999919
0.999919
0.999919
0.999919
0.999919
0.999919
0.999919
0.999919
0.999919
0.999919
0.999919
0.999919
0.999919
0.999919
0.999919
0.999919
0.999919
0.999919
0.999919
0.999919
0.999919
0.999919
0.999919
0.999919
0.999919
0.999919
0.999919
0.999919
0.999919
0.999919
0.999919
0.999919
0.999919
0.999919
0.999919
0.999919
0.999919
0.999919
0.999919
0.999919
0.999919
0.999919
0.999919
0.999919
0.999919
0.999919
0.999919
0.999919
0.999919
0.999919
0.999919
0.999919
0.999919
0.999919
0.999919
0.999919
0.999919
0.999919
0.999919
0.999919
0.999919
0.999919
0.999919
0.999919
0.999919
0.999919
0.999919
0.999919
0.999919
0.999919
0.999919
0.999919
0.999919
0.999919
0.999919
0.999919
0.999919
0.999919
0.999919
0.999919
0.999919
0.999919
0.999919
0.999919
0.999919
0.999919
0.999919
0.999919
0.999919
0.999919
0.999919
0.999919
0.999919
0.999919
0.999919
0.999919
0.999919
0.999919
0.999919
0.999919
0.999919
0.999919
0.999919
0.999919
0.999919
0.999919
0.999919
0.999919
0.999919
0.999919
0.999919
Getting Only 200 Columns 
GOT  Only 200 Columns 
