 213208
  28471
18923.9
17446.5
16734.5
13797.3
12400.4
11218.1
10715.2
9802.74
9121.99
8443.74
7801.46
7491.22
7122.51
6890.14
6802.96
6667.78
6307.47
6287.18
6127.34
5825.42
5658.48
5426.33
5340.75
5174.13
5150.81
5021.37
5014.39
4891.72
4770.87
4717.97
4662.84
4513.52
4453.26
4362.95
4300.44
 4179.6
4134.05
4119.91
4027.89
3975.88
3953.11
3858.09
3821.71
 3749.6
 3733.5
3666.16
3598.99
3561.77
3493.45
3476.83
3417.77
3379.63
3374.21
3337.74
3289.47
3255.91
3206.84
3177.97
3140.55
3122.69
3065.86
3024.84
2999.02
2977.85
2957.95
2874.42
2863.59
2859.28
2829.97
 2808.5
2799.05
2791.04
2752.89
2721.33
2714.02
2696.17
2682.24
2655.67
2639.19
2624.36
2616.09
2588.29
2578.07
2563.45
2533.56
2495.18
2482.01
2456.31
2446.92
2426.71
2418.81
2382.62
2375.97
2358.05
2346.63
2340.93
2323.68
2298.56
 2293.8
2269.93
2262.66
2259.56
2228.18
2213.69
 2209.3
2204.71
2196.32
2176.89
2155.95
 2141.5
2134.63
 2126.8
2119.85
2104.87
2086.38
2082.24
2077.22
2061.12
2056.95
2047.13
2022.67
2014.49
2009.28
2007.56
 1997.7
1987.52
1975.15
1968.28
1965.29
1960.75
1952.93
1933.53
1927.09
 1914.8
1906.85
1897.39
 1886.9
1879.89
1876.64
1864.08
 1853.8
1847.32
1845.52
1833.43
1823.92
1821.46
 1804.3
 1799.1
1781.62
1770.53
1769.14
1762.96
1753.79
1745.11
1741.25
1735.79
1733.73
1724.95
1713.01
 1701.8
1701.67
1692.36
1683.94
1675.08
1669.98
1660.14
1653.86
 1649.3
1637.73
1630.98
1630.45
1619.56
1612.86
1610.82
1603.01
1591.22
1584.26
1581.39
 1573.7
1572.29
1559.78
1557.19
1547.07
1542.34
   1538
1530.26
1524.63
1517.69
1510.22
1503.91
1500.81
1495.26
1489.53
 1487.2
1479.37
1475.88
1474.14
1468.34
1461.69
1449.66
1444.08
1439.44
1438.15
1425.77
1423.28
1414.52
1410.81
1406.94
1402.44
1395.79
1394.78
1391.29
1384.18
1370.81
1367.87
 1362.3
1353.66
1352.65
1341.91
1339.73
1333.81
1329.27
1322.62
1320.19
 1313.5
1307.58
 1299.7
1296.65
1294.76
 1291.6
1285.37
1281.47
 1272.4
1266.54
1260.69
1256.71
1251.82
1242.75
1241.73
1237.67
1232.71
1225.64
1221.52
1212.79
1209.41
1208.03
1201.92
 1197.6
1193.96
1186.42
1180.67
1173.91
1171.87
1169.45
1163.04
1155.96
1152.33
1148.89
1142.63
1134.03
1128.35
1125.14
1122.16
 1117.1
1113.98
1110.77
1104.57
1094.94
   1092
1090.23
1086.03
1081.88
1074.95
1067.87
1065.16
1059.58
1053.84
1046.59
1044.13
1035.34
1033.64
1029.35
1023.21
1022.59
1014.39
 1011.3
1001.95
996.505
994.005
987.096
979.656
973.725
970.788
965.819
963.368
951.703
947.242
939.105
931.199
 923.26
919.087
912.389
908.375
885.843
881.251
876.248
869.039
848.874
843.381
829.286
824.546
811.075
785.195
758.843
753.211
723.476
 695.98
676.164
320
